1.6000000000000001 1.6000000000000001 1.5819845006129376
1.6000000000000001 0.2000000000000002 -1.7575598722650019
1.6000000000000001 3.0000000000000000 2.4933880280114211
1.6000000000000001 0.9000000000000001 0.6421368273232465
1.6000000000000001 2.2999999999999998 2.1241051633513122
0.2000000000000002 1.6000000000000001 -1.7575598725980359
0.2000000000000002 0.2000000000000002 -7.2553810373376351
0.2000000000000002 3.0000000000000000 -0.4309439130825497
3.0000000000000000 1.6000000000000001 2.4933880280140306
3.0000000000000000 0.2000000000000002 -0.4309439162694617
3.0000000000000000 3.0000000000000000 3.3528206016542450
0.9000000000000001 1.6000000000000001 0.6421368272964886
2.2999999999999998 1.6000000000000001 2.1241051633288608
