TASMANIAN SG 4.0
WARNING: do not edit this manually
localpolynomial
2 1 1 5
localp
1 2 145 0 0 0 1 0 2 0 3 0 4 0 5 0 6 0 7 0 8 0 9 0 10 0 11 0 12 0 13 0 14 0 15 0 16 0 17 0 18 0 19 0 20 0 21 0 22 0 23 0 24 0 25 0 26 0 27 0 28 0 29 0 30 0 31 0 32 1 0 1 1 1 2 1 3 1 4 1 5 1 6 1 7 1 8 1 9 1 10 1 11 1 12 1 13 1 14 1 15 1 16 2 0 2 1 2 2 2 3 2 4 2 5 2 6 2 7 2 8 2 9 2 10 2 11 2 12 2 13 2 14 2 15 2 16 3 0 3 1 3 2 3 3 3 4 3 5 3 6 3 7 3 8 4 0 4 1 4 2 4 3 4 4 4 5 4 6 4 7 4 8 5 0 5 1 5 2 5 3 5 4 6 0 6 1 6 2 6 3 6 4 7 0 7 1 7 2 7 3 7 4 8 0 8 1 8 2 8 3 8 4 9 0 9 1 9 2 10 0 10 1 10 2 11 0 11 1 11 2 12 0 12 1 12 2 13 0 13 1 13 2 14 0 14 1 14 2 15 0 15 1 15 2 16 0 16 1 16 2 17 0 18 0 19 0 20 0 21 0 22 0 23 0 24 0 25 0 26 0 27 0 28 0 29 0 30 0 31 0 32 0
1  -5.35752279850458763e+02 3.42691736931783453e-01 -9.33792963910934759e+00 -6.16770199936513563e+00 -2.93875282105545921e-01 -5.87898524702450231e+00 -3.55772492239498206e+00 1.24576867702671734e+00 -4.89661565729193171e-01 -8.26496701544749612e+00 -5.98645378916967275e+00 -3.14710848814615929e+00 -3.13033189134660006e+00 4.21288135681948006e-01 -7.41440437421033494e-01 1.92750413174280766e-02 -4.14568235918636674e-01 -2.25848266466006180e+01 -2.15125527549436129e+01 -2.12119476088020065e+01 -2.18635756431445998e+01 -2.15739259230981588e+01 -2.18745079653785979e+01 -2.17985344922966533e+01 -2.30763893080955995e+01 -2.27755034658403019e+01 -2.26337616097879391e+01 -2.20749060431782027e+01 -2.20574844296498895e+01 -2.18406561643307668e+01 -2.16116210196156544e+01 -2.14188048417879600e+01 -2.15168814775109922e+01 -1.20537306500486238e+02 3.82085973250457300e+00 9.93928844741162720e-01 -2.91960301760474294e+00 -1.03026057250298209e+00 -3.67416372579987183e+00 -3.18690591328305572e+00 -1.57679245599172191e+00 -1.16935453022864522e+00 -3.59920528268509088e+00 -2.78109863183391326e+00 -3.18753013038195832e+00 -4.46803542572513379e+00 -5.48220014143714707e+00 -4.50667079573634055e+00 -4.14644048248709396e+00 -4.05834068764272615e+00 1.96115330601330697e+01 -2.53746794540074916e+00 -3.60934600238101666e+00 -3.56473547706491445e+00 -1.83317324707775242e+00 -6.31360586251389577e+00 -4.87290141691437384e+00 -2.31000731297945094e+00 -2.10270924302994899e+00 -3.02663953523615419e+01 -2.97350517603107392e+01 -3.04350279334055358e+01 -3.21107053278518606e+01 -3.28960874987261036e+01 -3.18448399651804834e+01 -3.12550071843905926e+01 -3.12641003741624672e+01 -1.84029483691028872e+00 -2.06417394099446483e+00 -2.03528682669207228e+00 -3.90313189648352932e+00 -2.39137798741805341e+00 -6.68072575615134667e+00 -7.44776966906316318e+00 -8.08812071156673085e+00 -6.83745901303676362e+00 7.03173247839833948e+00 -1.10320062368350591e+00 -1.97510827347559825e+00 -3.84779200463708548e+00 -2.54958670553202182e+00 -2.71580812918109018e+01 -2.80835669626260938e+01 -2.87801677934013753e+01 -2.73890197265733093e+01 -3.68088570289573909e+01 -4.05069988517237789e+00 -2.71702670024347981e+00 -2.33546720071547043e+00 -2.15476490432027390e+00 2.86075441838870006e+01 -1.25152970126588343e+01 -9.89441720242075462e+00 -2.14719513438398195e+01 -2.10903579291815930e+01 6.38972166590110646e+00 -5.49095273172576981e+00 -4.23455337399207110e+00 -2.80712700562198734e+01 -2.77842646659196078e+01 -1.40078533265909755e+00 -3.32014896035752827e+00 -2.98219623595082339e+00 -3.08629368683352254e+01 -3.04716996904685118e+01 -6.94554826015973958e+00 -4.06256789650709038e+00 -1.50916370883706463e+00 1.73832476284119366e+02 -5.33758113181847023e+01 -5.09450009346023478e+01 8.23502453433308119e+01 -4.70370044061726276e+01 -4.48623172210354824e+01 5.19408628514889870e+01 -4.59432403017769388e+01 -4.35311837517165827e+01 1.93733225381142802e+01 -3.84765882981372442e+01 -3.62033880084043176e+01 1.34752854403805031e+01 -3.83676533866579348e+01 -3.57889385475965582e+01 -1.04153602458040950e-01 -3.22625505397341499e+01 -2.99133033806758135e+01 1.37021898680188770e+00 -3.44713151617356175e+01 -3.20480603794985086e+01 -5.85034546661859167e+00 6.65458368847743031e+02 5.60462266972270299e+02 5.27450748854458425e+02 5.41770600709080782e+02 5.11939591595348986e+02 5.11617045819481518e+02 5.10393580889636723e+02 5.22363500788868237e+02 5.14959265203801465e+02 5.13698909000552135e+02 5.12684395081386469e+02 5.18980299719929121e+02 5.18987183873341678e+02 5.17556489065794608e+02 5.16162587886548067e+02
0
0
1 0
0 4 5 6 8 10 12 14 16 18 20 22 24 26 28 30 32 34 34 34 34 34 34 34 34 34 34 34 34 34 34 34 34 34 37 38 39 41 43 45 47 49 51 51 51 51 51 51 51 51 51 54 55 56 58 60 62 64 66 68 68 68 68 68 68 68 68 68 72 73 74 76 78 78 78 78 78 82 83 84 86 88 88 88 88 88 92 93 94 94 94 98 99 100 100 100 104 105 106 106 106 110 111 112 112 112 116 116 116 120 120 120 124 124 124 128 128 128 132 132 132 136 136 136 140 140 140 144 144 144 144 144 144 144 144 144 144 144 144 144 144 144 144 144 144 144
33 50 1 2 3 4 5 6 7 8 9 10 11 12 13 14 15 16 17 18 19 20 21 22 23 24 25 26 27 28 29 30 31 32 67 34 35 36 37 38 39 40 41 42 43 44 45 46 47 48 49 76 51 52 53 54 55 56 57 58 59 60 61 62 63 64 65 66 85 90 68 69 70 71 72 73 74 75 95 100 77 78 79 80 81 82 83 84 105 108 86 87 88 89 111 114 91 92 93 94 117 120 96 97 98 99 123 126 101 102 103 104 129 130 106 107 131 132 109 110 133 134 112 113 135 136 115 116 137 138 118 119 139 140 121 122 141 142 124 125 143 144 127 128
1 145 1 -5.35752279850458763e+02 -5.35409588113526979e+02 -5.45090209489568110e+02 -5.41748635981358007e+02 -5.40715119952118926e+02 -5.44458097294467052e+02 -5.42308182838303310e+02 -5.36987931224262184e+02 -5.43392326286572711e+02 -5.48198809719444398e+02 -5.49089820427082259e+02 -5.45175517897976761e+02 -5.42160563235727750e+02 -5.35948817401678525e+02 -5.39592966025611645e+02 -5.42034448078028390e+02 -5.44655836123989047e+02 -5.64389025563086420e+02 -5.67841006261899338e+02 -5.67985906469576548e+02 -5.67282803847364676e+02 -5.65036002862765713e+02 -5.65616358333518747e+02 -5.64032907529312070e+02 -5.62032810851188742e+02 -5.58626052091908832e+02 -5.59102135922758180e+02 -5.60365354668115060e+02 -5.62211527418515175e+02 -5.63215440179404482e+02 -5.64325008201916262e+02 -5.65442886047068896e+02 -5.66389904284289514e+02 -6.56289586350945001e+02 -6.52126034881508645e+02 -6.64633587145313186e+02 -6.63295115633196701e+02 -6.61785722602737678e+02 -6.67263724230177104e+02 -6.66536981827748832e+02 -6.59368678255806344e+02 -6.64868670969983214e+02 -6.71559051853975461e+02 -6.74046972352690545e+02 -6.71250687349000827e+02 -6.69011651406418764e+02 -6.62890044309130872e+02 -6.65825311662429385e+02 -6.67454362227530055e+02 -6.69224037981209563e+02 -5.16140746790325693e+02 -5.18335522998794659e+02 -5.29088022431816057e+02 -5.26970572370990226e+02 -5.24741433140254117e+02 -5.34845638794430897e+02 -5.29986285919967258e+02 -5.21505328601242695e+02 -5.29507098594794229e+02 -5.65121943264421702e+02 -5.66629611132191030e+02 -5.62060565567030380e+02 -5.58304553574344936e+02 -5.51297837058828350e+02 -5.55709661273349980e+02 -5.58359998010597337e+02 -5.60976229123386247e+02 -5.97861227937612171e+02 -5.97672280275422509e+02 -6.08737479981042952e+02 -6.09297389511168376e+02 -6.06499737515102652e+02 -6.17881627759371213e+02 -6.16178256272489875e+02 -6.09811230988893271e+02 -6.15530406591953124e+02 -5.18914780841993888e+02 -5.20944023701445985e+02 -5.32032491755769342e+02 -5.31727264014254615e+02 -5.29233684910058059e+02 -5.62529513327942709e+02 -5.59398765021602458e+02 -5.52763635648890386e+02 -5.59563124246731149e+02 -6.63884264173236033e+02 -6.65758714492595345e+02 -6.76211417292378997e+02 -6.77465926744441617e+02 -6.74464865342319627e+02 -5.38199209710148466e+02 -5.50448687023246634e+02 -5.58200717753839285e+02 -5.74645068412545470e+02 -5.71037451080115829e+02 -5.20943808680325219e+02 -5.27278036973311146e+02 -5.36406182330759634e+02 -5.61164974753987963e+02 -5.58486222118103115e+02 -5.18928549148819002e+02 -5.24360707643136948e+02 -5.34943238662402678e+02 -5.63272714873795508e+02 -5.60351142166259024e+02 -6.67032473522250257e+02 -6.69950490843718853e+02 -6.78877214187842810e+02 -4.57040269771304679e+02 -5.11258832418074348e+02 -5.19586973287193928e+02 -4.85679973480549506e+02 -5.38747242712176330e+02 -5.45981170745145732e+02 -4.85034881928814571e+02 -5.36931515018674645e+02 -5.43235784521931350e+02 -5.08974721727277768e+02 -5.50447078303442140e+02 -5.57578261380454023e+02 -5.06454009320779051e+02 -5.49003398283655997e+02 -5.56532990150480600e+02 -5.19025818597864372e+02 -5.55019069814483601e+02 -5.63505322192219865e+02 -5.16164428982770460e+02 -5.54449211495899476e+02 -5.62693471939805931e+02 -6.67511375403216221e+02 6.37344683135208042e-322 3.00298712128046406e-316 3.53830764380197136e-316 4.94065645841246544e-324 0.00000000000000000e+00 2.15514274210031521e-314 4.94065645841246544e-324 0.00000000000000000e+00 3.21142669796810254e-322 3.03183976449255951e-316 3.50024087392119500e-316 1.00000000000000002e-02 1.00000000000000002e-02 1.00000000000000002e-02 1.00000000000000002e-02
custom
2.00000000000000011e-01 3.00000000000000000e+00
2.00000000000000011e-01 3.00000000000000000e+00
TASMANIAN SG end
