TASMANIAN SG 4.0
WARNING: do not edit this manually
localpolynomial
2 1 1 3
localp
1 2 29 0 0 0 1 0 2 0 3 0 4 0 5 0 6 0 7 0 8 1 0 1 1 1 2 1 3 1 4 2 0 2 1 2 2 2 3 2 4 3 0 3 1 3 2 4 0 4 1 4 2 5 0 6 0 7 0 8 0
1  -3.50063597490317420e+02 3.54367797923242733e+00 -1.84666638616557748e+01 -1.43725937205556420e+00 -3.14142576843357801e+00 -6.28239260260957622e+01 -4.74180853435527752e+01 -3.18489671863371768e+01 -2.13929072767292610e+01 -1.18440158305484147e+01 1.19741538568643477e+01 -1.59603026747674903e+00 -5.66610423907995653e+01 -4.17677118272752068e+01 -7.22902406528186248e+00 -1.59603026143281568e+00 -1.31023808482119080e+01 -4.97965447804833161e+01 -3.60848169988479128e+01 -9.13110627680362086e+00 -5.66610423908275038e+01 -4.97965447768398803e+01 -2.34879661941306495e+00 -4.17677118307308035e+01 -3.60848169987862377e+01 -6.28239260260793344e+01 2.61880043632913839e+00 1.47240796659332318e-01 -7.91410346529289654e-01
0
0
1 0
0 4 5 6 8 10 10 10 10 10 13 14 15 15 15 18 19 20 20 20 24 24 24 28 28 28 28 28 28 28
9 14 1 2 3 4 5 6 7 8 19 10 11 12 13 22 15 16 17 18 25 26 20 21 27 28 23 24
1 29 1 -3.50063597490317420e+02 -3.46519919511084993e+02 -3.68530261351973195e+02 -3.49729017872756742e+02 -3.62438355189578886e+02 -4.10948394718016630e+02 -3.97314393025089885e+02 -3.88099943526285301e+02 -3.86877215547505330e+02 -3.61907613320865835e+02 -3.46389781484769060e+02 -3.81970307449998359e+02 -4.12246999165672548e+02 -4.16848097981140882e+02 -3.57292621555599283e+02 -3.55344973837799671e+02 -3.88861666265466965e+02 -4.07552601849238329e+02 -4.12303386677814615e+02 -3.65116711682395248e+02 -4.12246999165558179e+02 -4.34177935454629278e+02 -3.56026906142371388e+02 -3.95048955124586200e+02 -4.17129577426919411e+02 -4.26336088527709876e+02 -3.54971354150027196e+02 -3.52898011019685100e+02 -3.57451174195514625e+02
custom
2.00000000000000011e-01 3.00000000000000000e+00
2.00000000000000011e-01 3.00000000000000000e+00
TASMANIAN SG end
