TASMANIAN SG 4.0
WARNING: do not edit this manually
localpolynomial
2 1 1 5
localp
1 2 145 0 0 0 1 0 2 0 3 0 4 0 5 0 6 0 7 0 8 0 9 0 10 0 11 0 12 0 13 0 14 0 15 0 16 0 17 0 18 0 19 0 20 0 21 0 22 0 23 0 24 0 25 0 26 0 27 0 28 0 29 0 30 0 31 0 32 1 0 1 1 1 2 1 3 1 4 1 5 1 6 1 7 1 8 1 9 1 10 1 11 1 12 1 13 1 14 1 15 1 16 2 0 2 1 2 2 2 3 2 4 2 5 2 6 2 7 2 8 2 9 2 10 2 11 2 12 2 13 2 14 2 15 2 16 3 0 3 1 3 2 3 3 3 4 3 5 3 6 3 7 3 8 4 0 4 1 4 2 4 3 4 4 4 5 4 6 4 7 4 8 5 0 5 1 5 2 5 3 5 4 6 0 6 1 6 2 6 3 6 4 7 0 7 1 7 2 7 3 7 4 8 0 8 1 8 2 8 3 8 4 9 0 9 1 9 2 10 0 10 1 10 2 11 0 11 1 11 2 12 0 12 1 12 2 13 0 13 1 13 2 14 0 14 1 14 2 15 0 15 1 15 2 16 0 16 1 16 2 17 0 18 0 19 0 20 0 21 0 22 0 23 0 24 0 25 0 26 0 27 0 28 0 29 0 30 0 31 0 32 0
1  -5.11629528206331713e+02 2.13923607674860250e+00 -1.30128994746781359e+01 -9.69945530432215719e+00 -1.90104689567800733e+00 1.20124159606467629e+00 -4.78296244858967157e+00 2.23752223232577307e+00 -1.30998973175934452e+00 -1.63015770240984352e+01 -1.10474122241141117e+01 -2.29214812315848349e+00 -7.55415790470124193e-02 3.62195093026781478e+00 4.12685634832996584e-02 2.96902003896093447e-03 -6.19941238441413134e-01 -1.57657473019051508e+01 -1.69702405136272887e+01 -9.78037013994463678e+00 -8.82066718136485406e+00 -1.35631322114210207e+00 -3.51494944056099712e+00 3.75704397888796393e-01 -1.06726660877603763e+00 1.50371751889230154e+00 1.47887131311847497e-01 -1.32929935037566338e-01 -8.12204662608451144e-02 -1.90565276415668450e-01 1.28654488439451598e-01 -1.52471772629269253e-01 -1.66620759517115857e-01 -1.07831885094704433e+02 2.11705680451696026e+01 7.67207688734879412e+00 8.13919020978119079e+00 6.57357242560351551e-01 -1.05151982344740418e+01 -3.72397762493790196e+00 -1.84411008475143490e+00 2.22341759507804682e+00 -1.27507762824079123e+01 -1.03428492789435609e+01 -4.38638820010947938e+00 -5.10304004051948823e+00 -1.58048263394204014e+00 -1.81084439428855148e+00 7.62375695591799740e-01 -5.06315363183489353e-02 -9.27955557930265777e+260 1.18849800687797838e+261 9.05943378836416799e+263 2.08048672629345227e+259 -8.07368923892811382e+263 5.18335665738319435e+261 -2.48391168922647503e+261 1.49968058201571604e+264 2.43683096098774350e+263 -1.23003155722876852e+259 1.10732835866128532e+260 -1.05940205200194099e+260 -3.09039854586132888e+260 -1.25266110956841355e+263 3.65863416290606504e+263 -4.57599037587663457e+263 3.15810934371458416e+263 2.10945536967648763e+01 7.69988364290750837e+00 -4.08638213660057659e+00 -1.03467933129215766e+01 -3.73865734646732051e+00 -1.32766156794560857e+01 -9.53169569617794821e+00 -3.59064843168347636e+00 -4.06190601869732859e+00 9.41545583171498574e+275 7.25718618766503631e+261 -8.12435843551314658e+263 1.96805049157017934e+261 -8.60800684381651815e+264 2.33705995873958796e+261 -1.35303471295449829e+261 5.01803674088106476e+264 3.29771460493728175e+263 -8.47936219443494110e+00 -1.00668574567621789e+01 -9.53812475169631568e+00 -1.30436342015712228e+01 -6.36139004755310111e+00 3.42932324600934635e+00 -3.80281591534681240e+00 -5.24325763649240173e+00 -9.80582898232192690e+00 -5.10667812447358926e+00 -4.70772791585750209e+275 -2.46006311446272417e+261 1.55303784416031777e+264 4.30511045030976730e+260 5.18888812418050096e+264 -4.70772791585751870e+275 -9.22523667923521564e+261 2.27555838087801986e+263 -2.58306627018586038e+261 3.28725933670081517e+263 -2.73573114901731174e+01 -1.27507763080982528e+01 -8.08061113804878062e+00 3.32063809097604690e+00 -1.32207370777926059e+01 -9.07817968053917923e+00 1.67888270665088157e+00 -5.84700738341282289e+00 -4.43599701571351801e+00 9.24148601654337654e-02 -5.78181283221437781e+00 -4.55696032633461101e+00 2.08246811533635365e+260 -1.77496022602851313e+260 -1.29822822154788426e+263 -4.70772791585750394e+275 -2.09105364729331555e+261 3.77373681758581888e+263 8.88890844444580557e+275 -1.98035080714249296e+262 -4.78113266295830443e+263 2.89197701365653627e+260 2.93963513636667174e+261 3.21025795836396888e+263 -1.74415335066747161e+01 1.63991289277440785e+02 1.00777474328566882e+02 5.89241023147929468e+01 3.18424538826876073e+01 1.45098770417756668e+01 5.06363294557877452e+00 5.55640309762566176e-01 5.79972223706416110e+259 -1.05130664727794729e+259 4.39798004069356312e+259 -2.44731463244083354e+275 4.67033888454122340e+275 -2.07498659378359946e+275 1.59449564795237398e+259 1.47314795686198920e+260
0
0
1 0
0 4 5 6 8 10 12 14 16 18 20 22 24 26 28 30 32 34 34 34 34 34 34 34 34 34 34 34 34 34 34 34 34 34 37 38 39 41 43 45 47 49 51 51 51 51 51 51 51 51 51 54 55 56 58 60 62 64 66 68 68 68 68 68 68 68 68 68 72 73 74 76 78 78 78 78 78 82 83 84 86 88 88 88 88 88 92 93 94 94 94 98 99 100 100 100 104 105 106 106 106 110 111 112 112 112 116 116 116 120 120 120 124 124 124 128 128 128 132 132 132 136 136 136 140 140 140 144 144 144 144 144 144 144 144 144 144 144 144 144 144 144 144 144 144 144
33 50 1 2 3 4 5 6 7 8 9 10 11 12 13 14 15 16 17 18 19 20 21 22 23 24 25 26 27 28 29 30 31 32 67 34 35 36 37 38 39 40 41 42 43 44 45 46 47 48 49 76 51 52 53 54 55 56 57 58 59 60 61 62 63 64 65 66 85 90 68 69 70 71 72 73 74 75 95 100 77 78 79 80 81 82 83 84 105 108 86 87 88 89 111 114 91 92 93 94 117 120 96 97 98 99 123 126 101 102 103 104 129 130 106 107 131 132 109 110 133 134 112 113 135 136 115 116 137 138 118 119 139 140 121 122 141 142 124 125 143 144 127 128
1 145 1 -5.11629528206331713e+02 -5.09490292129583111e+02 -5.24642427681009849e+02 -5.20259365472279569e+02 -5.20037024839348760e+02 -5.13673587204866635e+02 -5.20727409287895284e+02 -5.13595754290514492e+02 -5.23649715991938706e+02 -5.27883516691323393e+02 -5.28013888562687271e+02 -5.22785535503245910e+02 -5.16254010326160483e+02 -5.08990690318155316e+02 -5.16775121001448383e+02 -5.21840401395604772e+02 -5.24766013074915691e+02 -5.34452651712358374e+02 -5.37748792461722246e+02 -5.30624108023721647e+02 -5.32957294198848217e+02 -5.22878763708904899e+02 -5.25271421836131708e+02 -5.18115005409139144e+02 -5.15009035875022164e+02 -5.08806391743351242e+02 -5.11145335173023000e+02 -5.15318367581018947e+02 -5.18487293386659417e+02 -5.21129278393892378e+02 -5.22616404205332174e+02 -5.24360336306056411e+02 -5.24870841137479829e+02 -6.19461413301036146e+02 -5.96151609179117941e+02 -6.24802235888365544e+02 -6.09366776334617953e+02 -6.23375514247818387e+02 -6.12073149395277369e+02 -6.22921034891354566e+02 -6.21025051626853042e+02 -6.23175447204773263e+02 -6.33164732593704116e+02 -6.32110224368005447e+02 -6.22822441936254336e+02 -6.26369805715761913e+02 -6.18201764167618876e+02 -6.23969858768140966e+02 -6.22510136010665065e+02 -6.24659414321329223e+02 -9.27955557930265777e+260 2.60542448947712600e+260 9.05015423278486559e+263 -3.12901687228342066e+260 -3.55325190032533279e+263 5.15717703824287951e+261 -3.10434031180577863e+261 1.32155400922048417e+264 5.18528212721750906e+263 2.69655942802300831e+261 2.53287051137339731e+261 -1.81456120471725472e+261 -2.32518778945415514e+261 5.35046915874435638e+263 8.48977825884582006e+263 -3.75997526243054587e+263 1.02758275237157720e+264 -5.44450917056919025e+02 -5.24026513314678141e+02 -5.57714160224523425e+02 -5.50215368698151678e+02 -5.56393564261586334e+02 -5.54453914207043454e+02 -5.63509789834771937e+02 -5.52697421900986228e+02 -5.61314049195972530e+02 9.41545583171498082e+275 9.41545583171505954e+275 9.41545583171138667e+275 9.41545583171503986e+275 9.41545583162306671e+275 9.41545583171509890e+275 9.41545583171498451e+275 9.41545583172670302e+275 9.41545583167174275e+275 -5.90435527373412469e+02 -5.78635280898095175e+02 -6.09275685002575642e+02 -6.06347497640772190e+02 -6.09494353872538568e+02 -5.24610899385615994e+02 -5.17131895391468106e+02 -5.42992228343249735e+02 -5.43515280779201703e+02 -5.42514278247177913e+02 -1.14510363842058559e+261 2.98147536479181095e+260 1.37212443004098115e+264 1.00152529900528305e+261 1.36855030720150595e+264 -3.27330641207036759e+261 -8.00319359554241558e+261 4.97525367176064988e+263 -7.19966391700902230e+261 -4.33370933639254552e+264 -6.32305781827397595e+02 -6.27501532836877914e+02 -6.52476883073692534e+02 -5.64122584124189757e+02 -5.61230996093203203e+02 -5.89252464203112595e+02 -5.32852025514616685e+02 -5.24747329029835100e+02 -5.53110308592949195e+02 -5.18027798935808505e+02 -5.19000491732574574e+02 -5.38281873478298849e+02 -3.60006299210773943e+260 1.85231651804081522e+260 5.56451727747790327e+263 -1.99817904710185687e+261 5.82009796467640087e+260 8.82307171792339509e+263 1.35966363603032788e+276 1.35966363603030967e+276 1.35966363602992049e+276 -1.81772131204070877e+261 -6.21360160451620472e+260 1.02259214478530561e+264 -6.43325131070891530e+02 -4.47379365322964190e+02 -4.76501581420234288e+02 -4.95362648275761558e+02 -5.06809017403080247e+02 -5.14221585408340616e+02 -5.16255716215133361e+02 -5.14273023261307458e+02 -1.25939950391393558e+260 -7.96854303297152943e+260 -1.49524699468152686e+261 2.26041328341664734e+275 1.61763849805503520e+276 4.72333158636802424e+275 -2.57231170179474084e+261 -1.22740861993021090e+261
custom
2.00000000000000011e-01 3.00000000000000000e+00
2.00000000000000011e-01 3.00000000000000000e+00
TASMANIAN SG end
