TASMANIAN SG 4.0
WARNING: do not edit this manually
localpolynomial
2 1 1 4
localp
1 2 65 0 0 0 1 0 2 0 3 0 4 0 5 0 6 0 7 0 8 0 9 0 10 0 11 0 12 0 13 0 14 0 15 0 16 1 0 1 1 1 2 1 3 1 4 1 5 1 6 1 7 1 8 2 0 2 1 2 2 2 3 2 4 2 5 2 6 2 7 2 8 3 0 3 1 3 2 3 3 3 4 4 0 4 1 4 2 4 3 4 4 5 0 5 1 5 2 6 0 6 1 6 2 7 0 7 1 7 2 8 0 8 1 8 2 9 0 10 0 11 0 12 0 13 0 14 0 15 0 16 0
1  -4.97154199213376785e+02 2.64284166110871865e+00 -1.61252029150409157e+01 -1.25828398402584298e+01 -3.70391563361289400e+00 -1.34829144603709778e+01 -9.65663716345210332e+00 -2.27224908675583492e+00 -3.56230363807912909e+00 -1.76091530758293970e+01 -1.52802581792121259e+01 -1.30508294321037397e+01 -1.39114878293596576e+01 -9.41994937925062459e+00 -9.28612632307778085e+00 -6.32815292369377858e+00 -6.53442034928127669e+00 -1.18121945495045622e+02 -3.42845624744666111e+00 -5.00689875760053837e+00 -8.48867293421113800e+00 -4.37590803544185292e+00 -8.63490448048747794e+00 -9.39331794282236388e+00 -8.36635565876304099e+00 -7.01151414106232096e+00 9.54876238245839772e+01 -9.31232033946776028e+00 -5.69220698357588617e+00 -7.96482292361014288e+00 -5.64346798144177342e+00 -1.64563118501036740e+01 -1.63427909442171710e+01 -1.47908856908937878e+01 -1.35581424131542860e+01 -2.50461257985351153e+01 -9.79758971489317787e+00 -8.18057079481260985e+00 -9.91477195809598300e+00 -8.94928035598955773e+00 1.57359819663741973e+00 -5.53512249759327801e+00 -6.47045337506338569e+00 -1.37497774113883651e+01 -1.27997353141334145e+01 -3.26700977505454944e+01 -9.51982799485419662e+00 -7.48201519314345376e+00 7.79204456273621986e+01 -3.67330494728513059e+01 -3.34605767155421887e+01 3.72575903337449290e+01 -2.84549322279472250e+01 -2.61909950939041920e+01 1.73538050024470181e+01 -2.32053772599274311e+01 -2.20826194048172937e+01 -1.47980291111289830e+01 4.40355198416229996e+02 3.32706625638267042e+02 2.83757900849111763e+02 2.39692447930464084e+02 2.05705852126049990e+02 1.59998937452961968e+02 1.26032001647548611e+02
0
0
1 0
0 4 5 6 8 10 12 14 16 18 18 18 18 18 18 18 18 18 21 22 23 25 27 27 27 27 27 30 31 32 34 36 36 36 36 36 40 41 42 42 42 46 47 48 48 48 52 52 52 56 56 56 60 60 60 64 64 64 64 64 64 64 64 64 64 64
17 26 1 2 3 4 5 6 7 8 9 10 11 12 13 14 15 16 35 18 19 20 21 22 23 24 25 40 27 28 29 30 31 32 33 34 45 48 36 37 38 39 51 54 41 42 43 44 57 58 46 47 59 60 49 50 61 62 52 53 63 64 55 56
1 65 1 -4.97154199213376785e+02 -4.94511357552268066e+02 -5.13279402128417701e+02 -5.08415618223080855e+02 -5.08920716304510165e+02 -5.14946402348045467e+02 -5.12441545881680895e+02 -5.05309706845699282e+02 -5.14662362854543062e+02 -5.22338033025986078e+02 -5.26961268464775230e+02 -5.23479411484484672e+02 -5.18709360376888526e+02 -5.10651902408788658e+02 -5.16401337898182533e+02 -5.18119692503220335e+02 -5.20505302840761601e+02 -6.15276144708422407e+02 -6.16061759294760350e+02 -6.36408246381063918e+02 -6.36740464776061003e+02 -6.33922019213797967e+02 -6.48518930976269189e+02 -6.45058259848516172e+02 -6.35237686706629120e+02 -6.45738950576572392e+02 -4.01666575388792808e+02 -4.08336054067151849e+02 -4.23483985287409610e+02 -4.25548977491840901e+02 -4.21922663953155904e+02 -4.46881742089971056e+02 -4.39607204547986157e+02 -4.28857754448623950e+02 -4.39823770671516115e+02 -5.81261297759434683e+02 -5.90130273936942558e+02 -6.08070520848088563e+02 -6.12437734113648617e+02 -6.09507059311084959e+02 -4.47836789104447348e+02 -4.55385230110665816e+02 -4.73278548886339649e+02 -4.81926038321008491e+02 -4.79883053933860651e+02 -6.30938818984473983e+02 -6.45285942361251045e+02 -6.62391496558265089e+02 -4.61287302859043507e+02 -5.01133419590094377e+02 -5.16215092576433108e+02 -4.35237903825167166e+02 -4.66145635725669251e+02 -4.82212380267537924e+02 -4.07397877244173060e+02 -4.37712214346389260e+02 -4.53110081489244862e+02 -6.37905510957577235e+02 -1.65744859955724394e+02 -1.88567674670972082e+02 -1.95462850187098383e+02 -2.26503603588807891e+02 -2.35831494338757295e+02 -2.67618395721348293e+02 -2.78500224668934379e+02
custom
2.00000000000000011e-01 3.00000000000000000e+00
2.00000000000000011e-01 3.00000000000000000e+00
TASMANIAN SG end
