TASMANIAN SG 4.0
WARNING: do not edit this manually
localpolynomial
2 1 1 4
localp
1 2 65 0 0 0 1 0 2 0 3 0 4 0 5 0 6 0 7 0 8 0 9 0 10 0 11 0 12 0 13 0 14 0 15 0 16 1 0 1 1 1 2 1 3 1 4 1 5 1 6 1 7 1 8 2 0 2 1 2 2 2 3 2 4 2 5 2 6 2 7 2 8 3 0 3 1 3 2 3 3 3 4 4 0 4 1 4 2 4 3 4 4 5 0 5 1 5 2 6 0 6 1 6 2 7 0 7 1 7 2 8 0 8 1 8 2 9 0 10 0 11 0 12 0 13 0 14 0 15 0 16 0
1  -5.35752279850458763e+02 3.42691736931783453e-01 -9.33792963910934759e+00 -6.16770199936513563e+00 -2.93875282105545921e-01 -5.87898524702450231e+00 -3.55772492239498206e+00 1.24576867702671734e+00 -4.89661565729193171e-01 -8.26496701544749612e+00 -5.98645378916967275e+00 -3.14710848814615929e+00 -3.13033189134660006e+00 4.21288135681948006e-01 -7.41440437421033494e-01 1.92750413174280766e-02 -4.14568235918636674e-01 -1.20537306500486238e+02 3.82085973250457300e+00 9.93928844741162720e-01 -2.91960301760474294e+00 -1.03026057250298209e+00 -3.67416372579987183e+00 -3.18690591328305572e+00 -1.57679245599172191e+00 -1.16935453022864522e+00 1.96115330601330697e+01 -2.53746794540074916e+00 -3.60934600238101666e+00 -3.56473547706491445e+00 -1.83317324707775242e+00 -6.31360586251389577e+00 -4.87290141691437384e+00 -2.31000731297945094e+00 -2.10270924302994899e+00 -1.84029483691028872e+00 -2.06417394099446483e+00 -2.03528682669207228e+00 -3.90313189648352932e+00 -2.39137798741805341e+00 7.03173247839833948e+00 -1.10320062368350591e+00 -1.97510827347559825e+00 -3.84779200463708548e+00 -2.54958670553202182e+00 -3.68088570289573909e+01 -4.05069988517237789e+00 -2.71702670024347981e+00 2.86075441838870006e+01 -1.25152970126588343e+01 -9.89441720242075462e+00 6.38972166590110646e+00 -5.49095273172576981e+00 -4.23455337399207110e+00 -1.40078533265909755e+00 -3.32014896035752827e+00 -2.98219623595082339e+00 -6.94554826015973958e+00 1.73832476284119366e+02 8.23502453433308119e+01 5.19408628514889870e+01 1.93733225381142802e+01 1.34752854403805031e+01 -1.04153602458040950e-01 1.37021898680188770e+00
0
0
1 0
0 4 5 6 8 10 12 14 16 18 18 18 18 18 18 18 18 18 21 22 23 25 27 27 27 27 27 30 31 32 34 36 36 36 36 36 40 41 42 42 42 46 47 48 48 48 52 52 52 56 56 56 60 60 60 64 64 64 64 64 64 64 64 64 64 64
17 26 1 2 3 4 5 6 7 8 9 10 11 12 13 14 15 16 35 18 19 20 21 22 23 24 25 40 27 28 29 30 31 32 33 34 45 48 36 37 38 39 51 54 41 42 43 44 57 58 46 47 59 60 49 50 61 62 52 53 63 64 55 56
1 65 1 -5.35752279850458763e+02 -5.35409588113526979e+02 -5.45090209489568110e+02 -5.41748635981358007e+02 -5.40715119952118926e+02 -5.44458097294467052e+02 -5.42308182838303310e+02 -5.36987931224262184e+02 -5.43392326286572711e+02 -5.48198809719444398e+02 -5.49089820427082259e+02 -5.45175517897976761e+02 -5.42160563235727750e+02 -5.35948817401678525e+02 -5.39592966025611645e+02 -5.42034448078028390e+02 -5.44655836123989047e+02 -6.56289586350945001e+02 -6.52126034881508645e+02 -6.64633587145313186e+02 -6.63295115633196701e+02 -6.61785722602737678e+02 -6.67263724230177104e+02 -6.66536981827748832e+02 -6.59368678255806344e+02 -6.64868670969983214e+02 -5.16140746790325693e+02 -5.18335522998794659e+02 -5.29088022431816057e+02 -5.26970572370990226e+02 -5.24741433140254117e+02 -5.34845638794430897e+02 -5.29986285919967258e+02 -5.21505328601242695e+02 -5.29507098594794229e+02 -5.97861227937612171e+02 -5.97672280275422509e+02 -6.08737479981042952e+02 -6.09297389511168376e+02 -6.06499737515102652e+02 -5.18914780841993888e+02 -5.20944023701445985e+02 -5.32032491755769342e+02 -5.31727264014254615e+02 -5.29233684910058059e+02 -6.63884264173236033e+02 -6.65758714492595345e+02 -6.76211417292378997e+02 -5.38199209710148466e+02 -5.50448687023246634e+02 -5.58200717753839285e+02 -5.20943808680325219e+02 -5.27278036973311146e+02 -5.36406182330759634e+02 -5.18928549148819002e+02 -5.24360707643136948e+02 -5.34943238662402678e+02 -6.67032473522250257e+02 -4.57040269771304679e+02 -4.85679973480549506e+02 -4.85034881928814571e+02 -5.08974721727277768e+02 -5.06454009320779051e+02 -5.19025818597864372e+02 -5.16164428982770460e+02
custom
2.00000000000000011e-01 3.00000000000000000e+00
2.00000000000000011e-01 3.00000000000000000e+00
TASMANIAN SG end
