TASMANIAN SG 4.0
WARNING: do not edit this manually
localpolynomial
2 1 1 5
localp
1 2 145 0 0 0 1 0 2 0 3 0 4 0 5 0 6 0 7 0 8 0 9 0 10 0 11 0 12 0 13 0 14 0 15 0 16 0 17 0 18 0 19 0 20 0 21 0 22 0 23 0 24 0 25 0 26 0 27 0 28 0 29 0 30 0 31 0 32 1 0 1 1 1 2 1 3 1 4 1 5 1 6 1 7 1 8 1 9 1 10 1 11 1 12 1 13 1 14 1 15 1 16 2 0 2 1 2 2 2 3 2 4 2 5 2 6 2 7 2 8 2 9 2 10 2 11 2 12 2 13 2 14 2 15 2 16 3 0 3 1 3 2 3 3 3 4 3 5 3 6 3 7 3 8 4 0 4 1 4 2 4 3 4 4 4 5 4 6 4 7 4 8 5 0 5 1 5 2 5 3 5 4 6 0 6 1 6 2 6 3 6 4 7 0 7 1 7 2 7 3 7 4 8 0 8 1 8 2 8 3 8 4 9 0 9 1 9 2 10 0 10 1 10 2 11 0 11 1 11 2 12 0 12 1 12 2 13 0 13 1 13 2 14 0 14 1 14 2 15 0 15 1 15 2 16 0 16 1 16 2 17 0 18 0 19 0 20 0 21 0 22 0 23 0 24 0 25 0 26 0 27 0 28 0 29 0 30 0 31 0 32 0
1  -4.37249182625356184e+02 -2.73016042999330466e+00 -1.13479337339165909e+01 -5.22124018056331352e+00 -1.64563235050854928e+00 -2.33741367148530799e+00 -2.22862085269929366e+00 1.45389659197928722e+00 -6.50614584090703829e-01 -3.91607930533348281e+00 -3.25445731281104145e+00 -1.15114143231488697e+00 -1.09254987271668824e+00 1.29385014414145871e+00 -7.02909632437922482e-02 -1.72955512462237948e-01 -1.86533351738091824e-01 -1.26935848032580907e+01 -1.26132017925166906e+01 -1.00030310739969082e+01 -8.45371824086663537e+00 -5.60165997554042860e+00 -4.65374212280477195e+00 -2.70011638779249097e+00 -2.25145125449108718e+00 1.05377173246097300e-01 -6.48456594759068139e-02 3.62151900984770236e-01 1.98097214149186129e-01 6.32908923803370271e-02 -3.91142905574497490e-01 -1.15825629890025539e+00 -2.18632880236560823e+00 -2.39390030548050959e+02 1.22775134655146303e+01 8.27185136182401948e+00 7.49470723562808416e-01 7.63791247562721765e-01 -1.72077887577751198e+00 -1.12455956102081700e+00 -8.86194398556938268e-01 4.36303027360622764e-02 -2.06641532150496232e+00 -1.42122193445425182e+00 -1.15275918219185769e+00 -1.58554258549912674e+00 -1.46297372066129583e+00 -7.16089558521048275e-01 -1.36899597888884728e-01 -2.86129626961951544e-01 -2.31542049295416632e+01 2.68020188009052163e+00 -7.28613973380413427e+00 -4.63944060754590737e+00 -3.85600226610551999e+00 -4.83939305621507287e+00 -4.27325588965689462e+00 -1.89063965719250859e+00 -2.06827320297534811e+00 -1.65316173280652379e+01 -1.42689308774870085e+01 -1.12847342302594029e+01 -9.74949371387000951e+00 -5.86682748120784936e+00 -5.01915969578354293e+00 -2.50898838316672368e+00 -2.08292244703210372e+00 1.44897331538493859e+01 -2.38716254163136909e-01 -1.45888177069878111e+00 -1.04076258721551085e+00 -3.84236663501440034e-01 -3.64224010011122346e+00 -3.42767762415144261e+00 -2.76379157559057376e+00 -1.81908359489784743e+00 2.71837656898489968e+01 1.10639957679424583e+00 -2.84766084756441273e+00 -1.37632507004518345e+00 -1.11009957325909170e+00 -1.24084853638627806e+01 -1.07030000631687443e+01 -8.41101979389672749e+00 -6.21646812168955876e+00 -3.62617339636934730e+01 -4.69752051997147646e-02 4.15246622766517248e-01 -1.27326469823995581e+00 -9.38535252476896176e-01 1.88650735893684214e+01 -5.21675377396030626e+00 -5.24328673787198341e+00 -1.01342662345273880e+01 -7.84735909657791808e+00 6.77155981322829348e+00 -4.02401489212721231e-01 -1.19745472224157368e+00 -9.97288485705151118e+00 -8.02718843969724105e+00 3.99551899423414625e+00 1.14541057809397273e+00 -7.93390136086529196e-01 -8.58034565468460642e+00 -6.86054821535981318e+00 -1.57842275141888422e+01 -2.33244619186167768e+00 -7.27391647829350063e-01 9.32090955650811566e+01 -2.73438161563369562e+01 -2.37926604056635682e+01 3.43090025084100603e+01 -1.80334109973361194e+01 -1.57078420251442878e+01 1.49512777515528796e+01 -1.44506554296314391e+01 -1.24938117641106885e+01 3.39061126697811233e+00 -7.42869253077734726e+00 -5.83401177065415055e+00 1.50602853990915264e+00 -6.12962620922558443e+00 -5.42794604763422939e+00 5.97434926952644219e-01 -2.08959557497025372e+00 -1.83451912853053756e+00 1.05505905163505531e+00 -1.98966411106251684e+00 -2.13492196881960439e+00 -6.24013008074803111e+00 3.90170371189254297e+02 2.62027080404590151e+02 2.02938832815472665e+02 1.42104176061090698e+02 1.06630623632347238e+02 6.07337150252740798e+01 4.48034014693688505e+01 1.36602604969535264e+01 4.64427606209210353e+00 -7.88736069658915540e+00 -5.85910151992527517e+00 -3.84628787936190975e+00 8.45008480026660891e+00 2.66468099396908542e+01 5.15401380121542161e+01
0
0
1 0
0 4 5 6 8 10 12 14 16 18 20 22 24 26 28 30 32 34 34 34 34 34 34 34 34 34 34 34 34 34 34 34 34 34 37 38 39 41 43 45 47 49 51 51 51 51 51 51 51 51 51 54 55 56 58 60 62 64 66 68 68 68 68 68 68 68 68 68 72 73 74 76 78 78 78 78 78 82 83 84 86 88 88 88 88 88 92 93 94 94 94 98 99 100 100 100 104 105 106 106 106 110 111 112 112 112 116 116 116 120 120 120 124 124 124 128 128 128 132 132 132 136 136 136 140 140 140 144 144 144 144 144 144 144 144 144 144 144 144 144 144 144 144 144 144 144
33 50 1 2 3 4 5 6 7 8 9 10 11 12 13 14 15 16 17 18 19 20 21 22 23 24 25 26 27 28 29 30 31 32 67 34 35 36 37 38 39 40 41 42 43 44 45 46 47 48 49 76 51 52 53 54 55 56 57 58 59 60 61 62 63 64 65 66 85 90 68 69 70 71 72 73 74 75 95 100 77 78 79 80 81 82 83 84 105 108 86 87 88 89 111 114 91 92 93 94 117 120 96 97 98 99 123 126 101 102 103 104 129 130 106 107 131 132 109 110 133 134 112 113 135 136 115 116 137 138 118 119 139 140 121 122 141 142 124 125 143 144 127 128
1 145 1 -4.37249182625356184e+02 -4.39979343055349489e+02 -4.48597116359272775e+02 -4.43835503020916178e+02 -4.44568781842823000e+02 -4.44244836709618141e+02 -4.42770963675835446e+02 -4.39455085642110305e+02 -4.47233563685138620e+02 -4.46028169187817241e+02 -4.47294627178078258e+02 -4.44454374780690671e+02 -4.41102623023312503e+02 -4.37058283989591814e+02 -4.42082224705710473e+02 -4.46074128276443048e+02 -4.48101873373943761e+02 -4.55697340924841455e+02 -4.57749704741234382e+02 -4.55772763017845023e+02 -4.54018783340363825e+02 -4.49746598876343910e+02 -4.48266411351067859e+02 -4.44636909737366523e+02 -4.41427354078825488e+02 -4.37048356134227902e+02 -4.38321530475326938e+02 -4.40406503272925590e+02 -4.43127406060117607e+02 -4.45258164167252744e+02 -4.47044988886365331e+02 -4.48825974828441417e+02 -4.50535823668973876e+02 -6.76639213173407143e+02 -6.67091860137885760e+02 -6.79715295545499771e+02 -6.76337306112646957e+02 -6.79059095462399227e+02 -6.75772775672529178e+02 -6.79841440056747160e+02 -6.77281452124480893e+02 -6.79994179785304141e+02 -6.77414812532045971e+02 -6.80730720139853474e+02 -6.80393273699203974e+02 -6.80918419073292966e+02 -6.77129456225463855e+02 -6.78956654315204787e+02 -6.79836492734202920e+02 -6.80327400644101999e+02 -4.60403387554897847e+02 -4.60453346104800630e+02 -4.79037461022618572e+02 -4.70289047617958488e+02 -4.75222058905372307e+02 -4.72548003589079940e+02 -4.71848094328784327e+02 -4.68249466295348270e+02 -4.79848647751061492e+02 -4.86948371480339006e+02 -4.88941913793817321e+02 -4.83504446635945726e+02 -4.76967784528427728e+02 -4.68899404262189478e+02 -4.76825213259387624e+02 -4.80217297223845833e+02 -4.81712510185610199e+02 -5.42454464745532277e+02 -5.39284584696931461e+02 -5.51125354569235697e+02 -5.46756792127229232e+02 -5.48437883047612559e+02 -5.49860731621565492e+02 -5.50824206693741871e+02 -5.47199166079462202e+02 -5.52229501836044619e+02 -4.21642519400278047e+02 -4.21926179313431817e+02 -4.39481183848661090e+02 -4.30701634911236397e+02 -4.35245584681289984e+02 -4.43479502675789718e+02 -4.41240326016453650e+02 -4.36346495071297682e+02 -4.45264603572243459e+02 -6.45808572923163183e+02 -6.39496931586301798e+02 -6.51266812398294519e+02 -6.49105535384471409e+02 -6.50741135159792975e+02 -4.70986750096075866e+02 -4.75983644060732331e+02 -4.86239448612757769e+02 -4.89173717106211768e+02 -4.88107261321363353e+02 -4.22674291199588822e+02 -4.24583602860375038e+02 -4.38465045012980227e+02 -4.40671094754505816e+02 -4.41761539249646148e+02 -4.37027434483353773e+02 -4.36048833136788062e+02 -4.56057193577492171e+02 -4.54507462636000810e+02 -4.58495546082500027e+02 -6.77008120562474005e+02 -6.71411069568144285e+02 -6.82002673133915209e+02 -5.00922423269266574e+02 -5.23525478732872443e+02 -5.31779648324347590e+02 -4.72411604912393955e+02 -4.91358522867757983e+02 -5.00081241107730932e+02 -4.39166688609163145e+02 -4.57480871236119469e+02 -4.64960816498573081e+02 -4.26571125645494362e+02 -4.36319554221661519e+02 -4.45974481189802532e+02 -4.20652376760024254e+02 -4.27878488756219838e+02 -4.42895031938545685e+02 -4.28737542014863266e+02 -4.30479666873127542e+02 -4.49006272914654517e+02 -4.47660351967490726e+02 -4.49185694680221786e+02 -4.68627190217239900e+02 -6.83063796948688605e+02 -2.71237975553564297e+02 -3.11338417691624727e+02 -3.18749611191926817e+02 -3.65328858767872475e+02 -3.65068553871887730e+02 -3.94343004327345398e+02 -3.93404534147890786e+02 -4.18249893638471747e+02 -4.19978432360449517e+02 -4.29550694676395665e+02 -4.27006549600076369e+02 -4.29036318586932623e+02 -4.24432403448841910e+02 -4.15697083285731424e+02 -4.02491731749040071e+02
custom
2.00000000000000011e-01 3.00000000000000000e+00
2.00000000000000011e-01 3.00000000000000000e+00
TASMANIAN SG end
