TASMANIAN SG 4.0
WARNING: do not edit this manually
localpolynomial
2 1 1 4
localp
1 2 65 0 0 0 1 0 2 0 3 0 4 0 5 0 6 0 7 0 8 0 9 0 10 0 11 0 12 0 13 0 14 0 15 0 16 1 0 1 1 1 2 1 3 1 4 1 5 1 6 1 7 1 8 2 0 2 1 2 2 2 3 2 4 2 5 2 6 2 7 2 8 3 0 3 1 3 2 3 3 3 4 4 0 4 1 4 2 4 3 4 4 5 0 5 1 5 2 6 0 6 1 6 2 7 0 7 1 7 2 8 0 8 1 8 2 9 0 10 0 11 0 12 0 13 0 14 0 15 0 16 0
1  -4.25361494304758878e+02 6.16422375880847540e+00 -2.42314171438346193e+01 -2.26865021516516663e+00 -3.56186790600520453e+00 -3.68685256361126790e+01 -2.35418662163850740e+01 -1.10116702443521604e+01 -5.84521779917992035e+00 -3.89777649560299437e+01 -3.71713203868234245e+01 -3.08471087223904874e+01 -3.12633444995817058e+01 -2.13458292993440750e+01 -2.29679067486661097e+01 -1.42377409671739770e+01 -1.45206598460344480e+01 -7.23475027713055283e+01 1.68509955259576145e+01 -1.63621078301559919e+00 -2.98916060196465878e+01 -1.75458650162315166e+01 -2.92073166954083376e+01 -2.80428339451511306e+01 -2.32577904311100383e+01 -2.44511334938851519e+01 5.98192465400986748e+01 -2.59134031198061621e+00 -1.58446556490152943e+01 -2.64157822276515617e+01 -1.55736584598689092e+01 -2.77377189240512791e+01 -2.68627673593802285e+01 -2.20630101883085388e+01 -2.26962161661466268e+01 -1.27815411555267815e+01 -2.95311402991015086e+01 -2.59462417764271720e+01 -3.25735374639546222e+01 -2.72562646530167427e+01 -3.05037161775618415e+00 -1.75208913346878603e+01 -1.55595623858905014e+01 -2.88020299117300169e+01 -2.48387781976497024e+01 -5.14265948113642821e+01 -2.92073166977374257e+01 -2.51779398528913561e+01 1.34147657092523787e+00 -3.55825723931743738e+01 -3.17358074527735567e+01 -3.15514520946408084e-01 -2.89280674414299881e+01 -2.54415206832156571e+01 -1.12501598418771209e+00 -2.87002575656622128e+01 -2.49561563410129281e+01 -3.81141303231504480e+01 3.37124401105179345e+02 2.77798994480856948e+02 2.39050448785414488e+02 2.05257244010950586e+02 1.72411756625590073e+02 1.39161738959650791e+02 1.04953099224882237e+02
0
0
1 0
0 4 5 6 8 10 12 14 16 18 18 18 18 18 18 18 18 18 21 22 23 25 27 27 27 27 27 30 31 32 34 36 36 36 36 36 40 41 42 42 42 46 47 48 48 48 52 52 52 56 56 56 60 60 60 64 64 64 64 64 64 64 64 64 64 64
17 26 1 2 3 4 5 6 7 8 9 10 11 12 13 14 15 16 35 18 19 20 21 22 23 24 25 40 27 28 29 30 31 32 33 34 45 48 36 37 38 39 51 54 41 42 43 44 57 58 46 47 59 60 49 50 61 62 52 53 63 64 55 56
1 65 1 -4.25361494304758878e+02 -4.19197270545950403e+02 -4.49592911448593497e+02 -4.24548032640519807e+02 -4.41039070782681392e+02 -4.58741177229347784e+02 -4.48496629689024417e+02 -4.44211952788072267e+02 -4.51161208914817394e+02 -4.77946988843678980e+02 -4.78815925321757277e+02 -4.67369439887162628e+02 -4.68192406496473382e+02 -4.56132552845759676e+02 -4.65593418534042939e+02 -4.60337880815923313e+02 -4.64897720027739922e+02 -4.97708997076064406e+02 -4.74693777791298317e+02 -5.23576625002914625e+02 -5.18361643668493116e+02 -5.31750543961726180e+02 -5.62603553061416733e+02 -5.59620020533815023e+02 -5.48999231194357549e+02 -5.57959935775385588e+02 -3.65542247764660203e+02 -3.61969364317832344e+02 -4.05618320557510117e+02 -3.92440238484063002e+02 -4.04715810526959274e+02 -4.41811045961111631e+02 -4.29395876700126905e+02 -4.18203709578470466e+02 -4.33708499507561271e+02 -4.74316786845938395e+02 -4.89258205623252650e+02 -5.25312551157707958e+02 -5.31575486923538620e+02 -5.39405734068961010e+02 -3.98502242652465725e+02 -4.11154580384335418e+02 -4.46215550006698493e+02 -4.49106982759121536e+02 -4.58546371663171499e+02 -5.37439486772365740e+02 -5.62609903216377234e+02 -6.01049122744566944e+02 -4.48497664004423427e+02 -4.88468833906850648e+02 -5.17847062184999118e+02 -4.12247382999558738e+02 -4.44419507427519363e+02 -4.73661265931808089e+02 -3.83147261192750705e+02 -4.16387245900933749e+02 -4.51998107607304973e+02 -5.55688372247365464e+02 -1.68753735703972694e+02 -1.83608230944323992e+02 -1.97879130369176636e+02 -2.13547194641208193e+02 -2.32963056200422159e+02 -2.51663012962957396e+02 -2.69391655253823160e+02
custom
2.00000000000000011e-01 3.00000000000000000e+00
2.00000000000000011e-01 3.00000000000000000e+00
TASMANIAN SG end
