TASMANIAN SG 4.0
WARNING: do not edit this manually
localpolynomial
2 1 1 4
localp
1 2 65 0 0 0 1 0 2 0 3 0 4 0 5 0 6 0 7 0 8 0 9 0 10 0 11 0 12 0 13 0 14 0 15 0 16 1 0 1 1 1 2 1 3 1 4 1 5 1 6 1 7 1 8 2 0 2 1 2 2 2 3 2 4 2 5 2 6 2 7 2 8 3 0 3 1 3 2 3 3 3 4 4 0 4 1 4 2 4 3 4 4 5 0 5 1 5 2 6 0 6 1 6 2 7 0 7 1 7 2 8 0 8 1 8 2 9 0 10 0 11 0 12 0 13 0 14 0 15 0 16 0
1  -5.12843327633227887e+02 8.57534499680809859e-01 -1.19127132977358769e+01 -7.73502073638098864e+00 -1.16977331471218804e+00 -7.74061115128938582e+00 -4.97926690671863525e+00 6.22141643704708258e-01 -1.00278421916380012e+00 -1.06350672229361862e+01 -8.18532444325956021e+00 -5.11733877878975818e+00 -5.09905352975988535e+00 -6.59307348404240656e-01 -1.71902866650452779e+00 -2.75393946789563415e-01 -8.42150698339082737e-01 -1.33889744663533179e+02 2.91795268372845840e+00 3.87740832201188823e-02 -4.16483882491144186e+00 -1.67158418795332864e+00 -4.88492817702473303e+00 -4.57606932913824949e+00 -2.76562162288064428e+00 -2.12031886527898905e+00 3.97165914224945595e+01 -4.36707941747823725e+00 -4.94381868092489185e+00 -4.70583095114690764e+00 -2.79443489957208158e+00 -8.69256463757656661e+00 -7.30095498300892132e+00 -4.44910114880997298e+00 -3.86484689103730261e+00 -8.76200891386145031e+00 -3.60240261744223744e+00 -3.28306481517410020e+00 -5.32561452324171114e+00 -3.72372903379772424e+00 8.87689306832157854e+00 -1.96248770157288277e+00 -3.05153275493657361e+00 -5.90812365944259454e+00 -4.39830419144449536e+00 -3.87525996428215649e+01 -5.38554607562062415e+00 -3.81458198098155776e+00 3.99814787704191303e+01 -1.79384942307004565e+01 -1.48792075892791615e+01 1.29199089431257335e+01 -9.64404670259717989e+00 -7.96438326213508674e+00 1.95804631312682886e+00 -6.42062181137843879e+00 -5.79768473424279307e+00 -8.93728583622248607e+00 2.37086244296653149e+02 1.32383203545497622e+02 9.18914837516283001e+01 4.80621773815595930e+01 3.35963451991350439e+01 8.90327199183599305e+00 6.09391846397437575e+00
0
0
1 0
0 4 5 6 8 10 12 14 16 18 18 18 18 18 18 18 18 18 21 22 23 25 27 27 27 27 27 30 31 32 34 36 36 36 36 36 40 41 42 42 42 46 47 48 48 48 52 52 52 56 56 56 60 60 60 64 64 64 64 64 64 64 64 64 64 64
17 26 1 2 3 4 5 6 7 8 9 10 11 12 13 14 15 16 35 18 19 20 21 22 23 24 25 40 27 28 29 30 31 32 33 34 45 48 36 37 38 39 51 54 41 42 43 44 57 58 46 47 59 60 49 50 61 62 52 53 63 64 55 56
1 65 1 -5.12843327633227887e+02 -5.11985793133547077e+02 -5.24756040930963763e+02 -5.20149581119768527e+02 -5.19969457596808070e+02 -5.23808298277947188e+02 -5.21475721283216785e+02 -5.15784250971313213e+02 -5.23365533483049717e+02 -5.28532112928683318e+02 -5.30164264142117304e+02 -5.25929989980282471e+02 -5.22258577987982335e+02 -5.14973096650674734e+02 -5.19595882950565169e+02 -5.21942889486718514e+02 -5.24902937905345766e+02 -6.46733072296761065e+02 -6.42957585113351797e+02 -6.58607011511276824e+02 -6.56745188266348805e+02 -6.55511399406684404e+02 -6.62476926018164477e+02 -6.61294466517411820e+02 -6.53265715830898671e+02 -6.60182308543423460e+02 -4.73126736210733327e+02 -4.76636281128530754e+02 -4.89983268189394096e+02 -4.87322360357159937e+02 -4.85519210414347981e+02 -4.98412496531711326e+02 -4.92504770173674160e+02 -4.83149932817645890e+02 -4.92618870412072113e+02 -5.88550208878855983e+02 -5.89836100654753182e+02 -6.03726599950155787e+02 -6.04336209438882975e+02 -6.01867698856992547e+02 -4.84108138853659057e+02 -4.87396631764290191e+02 -5.01544294246793925e+02 -5.01748445180371675e+02 -4.99791511506169172e+02 -6.56394240230629975e+02 -6.60534988602494650e+02 -6.73733987354519513e+02 -5.10715289485622748e+02 -5.28867962354431484e+02 -5.39139049259419835e+02 -4.85555824300317738e+02 -4.96415350208390066e+02 -5.08194641907888240e+02 -4.76659391219069335e+02 -4.86479031944662097e+02 -4.99603419639210017e+02 -6.60500942099918120e+02 -3.85385980258089830e+02 -4.17249545636741686e+02 -4.19887824807797017e+02 -4.51137398585213191e+02 -4.51235636377853325e+02 -4.71480493044528203e+02 -4.68799145250926983e+02
custom
2.00000000000000011e-01 3.00000000000000000e+00
2.00000000000000011e-01 3.00000000000000000e+00
TASMANIAN SG end
