TASMANIAN SG 4.0
WARNING: do not edit this manually
localpolynomial
2 1 1 3
localp
1 2 29 0 0 0 1 0 2 0 3 0 4 0 5 0 6 0 7 0 8 1 0 1 1 1 2 1 3 1 4 2 0 2 1 2 2 2 3 2 4 3 0 3 1 3 2 4 0 4 1 4 2 5 0 6 0 7 0 8 0
1  -1.45371394928488144e+02 7.12144170959277290e-01 -1.47727702567413246e+01 -1.00096713868595089e-01 -1.85374061253753553e+00 -1.05568331878990961e+02 -9.64512841281716078e+01 -8.53240677823539500e+01 -7.47485705479128058e+01 -8.61797817512885445e+00 5.94505950412397510e+00 -1.34774126430193064e+00 -1.01658065774573103e+02 -9.22437547812566265e+01 -4.03193827580065545e+00 -1.34774126089669721e+00 -1.03252924158613837e+01 -9.80229047870109724e+01 -8.85509115125597361e+01 -4.76515788667541074e+00 -1.01658065774623324e+02 -9.80229047842920949e+01 -1.84705539867528046e+00 -9.22437547839594458e+01 -8.85509115125830135e+01 -1.05568331878963505e+02 1.12620821438048324e+00 -9.71746641629863461e-01 -1.43240216736040793e+00
0
0
1 0
0 4 5 6 8 10 10 10 10 10 13 14 15 15 15 18 19 20 20 20 24 24 24 28 28 28 28 28 28 28
9 14 1 2 3 4 5 6 7 8 19 10 11 12 13 22 15 16 17 18 25 26 20 21 27 28 23 24
1 29 1 -1.45371394928488144e+02 -1.44659250757528866e+02 -1.60144165185229468e+02 -1.45115419556877100e+02 -1.54611520669396327e+02 -2.50455667036193944e+02 -2.41694691370854230e+02 -2.35315525581296185e+02 -2.32126413475225718e+02 -1.53989373103616998e+02 -1.47332169428533746e+02 -1.70109884624660253e+02 -2.52418933754517070e+02 -2.56147124257932774e+02 -1.49403333204288799e+02 -1.50038930294226219e+02 -1.74501395876891507e+02 -2.47844133250137077e+02 -2.52357016665687411e+02 -1.54445541902727967e+02 -2.52418933754330055e+02 -2.67915087575912366e+02 -1.49234419465063752e+02 -2.41439900708512255e+02 -2.57720747442318782e+02 -2.59785789382135988e+02 -1.48782260201227587e+02 -1.48274653838405840e+02 -1.50751278502036655e+02
custom
2.00000000000000011e-01 3.00000000000000000e+00
2.00000000000000011e-01 3.00000000000000000e+00
TASMANIAN SG end
