TASMANIAN SG 4.0
WARNING: do not edit this manually
localpolynomial
2 1 1 3
localp
1 2 29 0 0 0 1 0 2 0 3 0 4 0 5 0 6 0 7 0 8 1 0 1 1 1 2 1 3 1 4 2 0 2 1 2 2 2 3 2 4 3 0 3 1 3 2 4 0 4 1 4 2 5 0 6 0 7 0 8 0
1  1.58198450061293761e+00 -3.33954437287793926e+00 9.11403527398483515e-01 7.29924513149278642e-01 8.64188990391328016e-02 -1.36847841674031457e+02 -1.37176299519188120e+02 -1.37314285855047558e+02 -1.37401687627214358e+02 -3.33954437321097330e+00 -2.15827679186165966e+00 4.15212432117002539e-01 -1.36166565455818755e+02 -1.36715001037481784e+02 9.11403527401092983e-01 4.15212428594446958e-01 -5.19709537582691006e-02 -1.37307853940390686e+02 -1.37545483969848277e+02 7.29924513289037513e-01 -1.36166565455886087e+02 -1.37307853940781001e+02 8.64188990153766934e-02 -1.36715001037091838e+02 -1.37545483969840177e+02 -1.36847841673995873e+02 -1.11206066395471304e+00 -1.85304483197089920e+00 -2.30874659567144569e+00
0
0
1 0
0 4 5 6 8 10 10 10 10 10 13 14 15 15 15 18 19 20 20 20 24 24 24 28 28 28 28 28 28 28
9 14 1 2 3 4 5 6 7 8 19 10 11 12 13 22 15 16 17 18 25 26 20 21 27 28 23 24
1 29 1 1.58198450061293761e+00 -1.75755987226500188e+00 2.49338802801142112e+00 6.42136827323246506e-01 2.12410516335131216e+00 -1.37405553196502325e+02 -1.36064238855220026e+02 -1.35461241023065412e+02 -1.35092941031532973e+02 -1.75755987259803592e+00 -7.25538103733763506e+00 -4.30943913082549701e-01 -1.39943111397637296e+02 -1.37722834031282929e+02 2.49338802801403059e+00 -4.30943916269461713e-01 3.35282060165424500e+00 -1.35546707371369109e+02 -1.34535960755974997e+02 6.42136827296488577e-01 -1.39943111397398383e+02 -1.35546707370027519e+02 2.12410516332886079e+00 -1.37722834032343712e+02 -1.34535960755991965e+02 -1.37405553196646622e+02 1.55622417662394196e-316 1.55622299086639194e-316 1.55622180510884192e-316
custom
2.00000000000000011e-01 3.00000000000000000e+00
2.00000000000000011e-01 3.00000000000000000e+00
TASMANIAN SG end
