TASMANIAN SG 4.0
WARNING: do not edit this manually
localpolynomial
2 1 1 5
localp
1 2 145 0 0 0 1 0 2 0 3 0 4 0 5 0 6 0 7 0 8 0 9 0 10 0 11 0 12 0 13 0 14 0 15 0 16 0 17 0 18 0 19 0 20 0 21 0 22 0 23 0 24 0 25 0 26 0 27 0 28 0 29 0 30 0 31 0 32 1 0 1 1 1 2 1 3 1 4 1 5 1 6 1 7 1 8 1 9 1 10 1 11 1 12 1 13 1 14 1 15 1 16 2 0 2 1 2 2 2 3 2 4 2 5 2 6 2 7 2 8 2 9 2 10 2 11 2 12 2 13 2 14 2 15 2 16 3 0 3 1 3 2 3 3 3 4 3 5 3 6 3 7 3 8 4 0 4 1 4 2 4 3 4 4 4 5 4 6 4 7 4 8 5 0 5 1 5 2 5 3 5 4 6 0 6 1 6 2 6 3 6 4 7 0 7 1 7 2 7 3 7 4 8 0 8 1 8 2 8 3 8 4 9 0 9 1 9 2 10 0 10 1 10 2 11 0 11 1 11 2 12 0 12 1 12 2 13 0 13 1 13 2 14 0 14 1 14 2 15 0 15 1 15 2 16 0 16 1 16 2 17 0 18 0 19 0 20 0 21 0 22 0 23 0 24 0 25 0 26 0 27 0 28 0 29 0 30 0 31 0 32 0
1  -4.75901366405397880e+02 -3.80165607380399706e+00 -1.09439850611140059e+01 -5.09297012921274472e+00 3.79427826559322057e-02 -1.54003160558613672e+00 -1.82756564500851937e+00 1.80976968639510005e+00 -2.33653317954519935e-01 -2.64347428688017771e+00 -2.44359314620362511e+00 -6.45085871017840873e-01 -6.23199551269181029e-01 1.47697291077673754e+00 7.37134959101695131e-02 -1.37324784674945022e-01 -3.48244151532526303e-02 -9.51360202487131801e+00 -9.65810764558773371e+00 -6.83122031706477628e+00 -5.23330851625274818e+00 -2.70343361804390270e+00 -2.11841214462867811e+00 -8.17842571772985139e-01 -7.35543382714865857e-01 6.82741342342808366e-01 1.63121150351571487e-01 1.06628475072852780e-01 -5.48846528654394206e-02 -1.65568170992969499e-01 -7.57181473634318536e-02 6.76487069450217859e-02 4.23773499149319832e-01 -2.03800662428353803e+02 1.17410545261276411e+01 8.16500093234117230e+00 1.28707405078165493e+00 6.96093469919787822e-01 -1.16584577909782183e+00 -6.16874943681239074e-01 -8.11278168079297757e-01 2.65629794890969606e-01 -1.56575247473989521e+00 -1.01348978346931062e+00 -6.59121568933244362e-01 -9.42345214323950131e-01 -8.95864735680959257e-01 -2.86552314174798539e-01 1.30504321499188336e-01 -7.34332014537812938e-02 2.16298145696993060e+00 5.08003910311259688e+00 -3.90747441527133788e+00 -3.93900582408653577e+00 -3.02772058926578325e+00 -4.00184975037589652e+00 -3.52758267604218645e+00 -1.09951001012720440e+00 -1.38376111550405767e+00 -1.22165290518350673e+01 -9.88168993065352197e+00 -6.77668925882304052e+00 -5.40646441935646749e+00 -2.02401760203122194e+00 -2.08208357372760133e+00 -4.90605739712862032e-01 -7.51775313837129033e-01 3.10346785415982254e+01 -3.33981549759982954e-01 -1.36208366406140158e+00 -4.25258797864074722e-01 -5.52851536199341353e-02 -2.68931105005454185e+00 -2.31152954120123866e+00 -1.59349854947902259e+00 -8.99257814581574166e-01 -4.45745392301421361e+00 1.19032854143583222e+00 -2.03530163912134299e+00 -9.06451615980671477e-01 -7.87398770017063043e-01 -8.36752122341176374e+00 -6.56776956647019716e+00 -4.46442115282969354e+00 -2.91264325858333706e+00 -2.88296465345675870e+01 7.48473701110356160e-01 9.08912958674136462e-01 -9.40137037524209518e-01 -6.38731276981218343e-01 1.64790148157374006e+01 -3.36757392676196332e+00 -3.73236558560199683e+00 -6.95245157057196650e+00 -4.74232525171379393e+00 1.30513859659589571e+00 2.95892453391772392e-01 -3.27828116579112816e-01 -5.87249280329860568e+00 -4.25240403695580227e+00 -6.59331115297169390e+00 1.36642464200822644e+00 -3.06924661327499848e-01 -4.45177962055652898e+00 -3.21325011419987305e+00 -1.66219549820249881e+01 -1.76732790527576356e+00 -5.00199385811995967e-01 6.90160103480573071e+01 -1.95567275727909191e+01 -1.62205864960774306e+01 2.06560688126326113e+01 -1.10258012452582363e+01 -9.15924128681737670e+00 5.96241788061956868e+00 -8.03036901962931893e+00 -6.67117993561211620e+00 -1.15460449568348622e+00 -3.05960125039954534e+00 -1.91018383664036406e+00 -1.70589345957284877e+00 -2.31572408924898099e+00 -2.14336495581022035e+00 -1.75232096767075518e+00 -2.09819080184111328e-01 -2.20730027273027929e-01 -1.94025160235435123e+00 -2.81154367364898405e-01 -6.61908324340537035e-01 -5.84900741215471953e+00 2.98758991411670991e+02 1.78006729193646265e+02 1.25328147388527100e+02 6.88855376639695578e+01 4.80164454802099385e+01 1.66306121147868566e+01 1.29060218702840075e+01 -1.87627125586277543e+00 -2.98612754410839898e-01 -2.47234724808726014e+00 8.38269154149315909e-01 1.52718742756877646e+00 1.45361029528004337e+00 -2.20905680670676929e+00 -1.07858338040954322e+01
0
0
1 0
0 4 5 6 8 10 12 14 16 18 20 22 24 26 28 30 32 34 34 34 34 34 34 34 34 34 34 34 34 34 34 34 34 34 37 38 39 41 43 45 47 49 51 51 51 51 51 51 51 51 51 54 55 56 58 60 62 64 66 68 68 68 68 68 68 68 68 68 72 73 74 76 78 78 78 78 78 82 83 84 86 88 88 88 88 88 92 93 94 94 94 98 99 100 100 100 104 105 106 106 106 110 111 112 112 112 116 116 116 120 120 120 124 124 124 128 128 128 132 132 132 136 136 136 140 140 140 144 144 144 144 144 144 144 144 144 144 144 144 144 144 144 144 144 144 144
33 50 1 2 3 4 5 6 7 8 9 10 11 12 13 14 15 16 17 18 19 20 21 22 23 24 25 26 27 28 29 30 31 32 67 34 35 36 37 38 39 40 41 42 43 44 45 46 47 48 49 76 51 52 53 54 55 56 57 58 59 60 61 62 63 64 65 66 85 90 68 69 70 71 72 73 74 75 95 100 77 78 79 80 81 82 83 84 105 108 86 87 88 89 111 114 91 92 93 94 117 120 96 97 98 99 123 126 101 102 103 104 129 130 106 107 131 132 109 110 133 134 112 113 135 136 115 116 137 138 118 119 139 140 121 122 141 142 124 125 143 144 127 128
1 145 1 -4.75901366405397880e+02 -4.79703022479201877e+02 -4.86845351466511886e+02 -4.82895164571512623e+02 -4.81335416153298979e+02 -4.82839125130943387e+02 -4.81225831133463771e+02 -4.76808621592953330e+02 -4.84324037127859924e+02 -4.83914548091952781e+02 -4.85310737997431602e+02 -4.82705583723506095e+02 -4.79186798320700007e+02 -4.74878021088398839e+02 -4.78998305377215956e+02 -4.82967051425254454e+02 -4.85619518712339129e+02 -4.91322387310448676e+02 -4.93034944257035818e+02 -4.90906151881252299e+02 -4.89336259800724861e+02 -4.85503807765553233e+02 -4.84084119573113583e+02 -4.81024157298854902e+02 -4.78279625745763838e+02 -4.74706952404555523e+02 -4.75680200190324513e+02 -4.77796835010011762e+02 -4.80221745418122907e+02 -4.82316801960269686e+02 -4.83721262423920564e+02 -4.84904129213154533e+02 -4.85808661590276188e+02 -6.79702028833751683e+02 -6.71762630381428039e+02 -6.82481012962524574e+02 -6.79538225686020951e+02 -6.80357484645562408e+02 -6.78356305418408397e+02 -6.82064567848575962e+02 -6.79031265221341073e+02 -6.81387272327106984e+02 -6.79268694661538348e+02 -6.82404348481887610e+02 -6.82105604207249598e+02 -6.82448843106756954e+02 -6.78785538852450600e+02 -6.79907213751716426e+02 -6.80879198949510396e+02 -6.82042400261422813e+02 -4.73738384948427949e+02 -4.72460001919119350e+02 -4.88589844424813293e+02 -4.82131169387072930e+02 -4.84153892493230501e+02 -4.82837467009058173e+02 -4.83289925488801146e+02 -4.78235879044561329e+02 -4.87989282892480446e+02 -4.92508737802804035e+02 -4.94809601274922670e+02 -4.90132322567777919e+02 -4.84543819189240139e+02 -4.76534176687749095e+02 -4.83203255846713319e+02 -4.86699518217243281e+02 -4.89076163387637280e+02 -5.46767019077976556e+02 -5.45032129438476773e+02 -5.54990587336981321e+02 -5.50774266159912600e+02 -5.50548098843483103e+02 -5.52715463344384261e+02 -5.53218175276994998e+02 -5.48846926907853231e+02 -5.53769439325322764e+02 -4.79277329599927157e+02 -4.79348637580739023e+02 -4.94210353507798118e+02 -4.87281908247569731e+02 -4.89007157835856674e+02 -4.95223750618340205e+02 -4.93438745473248218e+02 -4.87346650189390118e+02 -4.95446932806117275e+02 -6.42064170490431707e+02 -6.36478552743409637e+02 -6.46656533725646455e+02 -6.44551792644503394e+02 -6.44466713076734436e+02 -4.94855177925949874e+02 -4.99256135069863831e+02 -5.08171320171611228e+02 -5.08991939083928173e+02 -5.06071250727168376e+02 -4.76284209406066623e+02 -4.77924798979982768e+02 -4.89550542007138233e+02 -4.89507944389548015e+02 -4.88282466493227275e+02 -4.83101168427149219e+02 -4.81131206260892611e+02 -4.98300334780604942e+02 -4.95068417269845440e+02 -4.96540548762378876e+02 -6.77505054644116626e+02 -6.72509874449719632e+02 -6.81690927711922313e+02 -5.25399584436146824e+02 -5.41296058315676646e+02 -5.48028136679334011e+02 -5.00155029689330604e+02 -5.12513864686795841e+02 -5.20084126228481182e+02 -4.79415854285054309e+02 -4.91547529913542576e+02 -4.98217097874054105e+02 -4.77247392401415766e+02 -4.83028116475675404e+02 -4.91262735069148903e+02 -4.79486662962569653e+02 -4.82658335829182761e+02 -4.95729706172851252e+02 -4.82941569981208886e+02 -4.82202061968670648e+02 -4.98228395139145334e+02 -4.80360028290142964e+02 -4.79017010059725237e+02 -4.96047249529403985e+02 -6.84452549151088874e+02 -3.61025621155603289e+02 -4.05725148269642943e+02 -4.10755154368534591e+02 -4.54575486719684022e+02 -4.49488658327430244e+02 -4.70504903990715206e+02 -4.64752588474942058e+02 -4.78450650659269627e+02 -4.77064413658152034e+02 -4.80357783432405427e+02 -4.78543727127099089e+02 -4.79582262362999245e+02 -4.81567758908899123e+02 -4.83939655165352860e+02 -4.87835040423380860e+02
custom
2.00000000000000011e-01 3.00000000000000000e+00
2.00000000000000011e-01 3.00000000000000000e+00
TASMANIAN SG end
