TASMANIAN SG 4.0
WARNING: do not edit this manually
localpolynomial
2 1 1 5
localp
1 2 145 0 0 0 1 0 2 0 3 0 4 0 5 0 6 0 7 0 8 0 9 0 10 0 11 0 12 0 13 0 14 0 15 0 16 0 17 0 18 0 19 0 20 0 21 0 22 0 23 0 24 0 25 0 26 0 27 0 28 0 29 0 30 0 31 0 32 1 0 1 1 1 2 1 3 1 4 1 5 1 6 1 7 1 8 1 9 1 10 1 11 1 12 1 13 1 14 1 15 1 16 2 0 2 1 2 2 2 3 2 4 2 5 2 6 2 7 2 8 2 9 2 10 2 11 2 12 2 13 2 14 2 15 2 16 3 0 3 1 3 2 3 3 3 4 3 5 3 6 3 7 3 8 4 0 4 1 4 2 4 3 4 4 4 5 4 6 4 7 4 8 5 0 5 1 5 2 5 3 5 4 6 0 6 1 6 2 6 3 6 4 7 0 7 1 7 2 7 3 7 4 8 0 8 1 8 2 8 3 8 4 9 0 9 1 9 2 10 0 10 1 10 2 11 0 11 1 11 2 12 0 12 1 12 2 13 0 13 1 13 2 14 0 14 1 14 2 15 0 15 1 15 2 16 0 16 1 16 2 17 0 18 0 19 0 20 0 21 0 22 0 23 0 24 0 25 0 26 0 27 0 28 0 29 0 30 0 31 0 32 0
1  -4.66891946038287529e+02 3.91037402058083217e+00 -1.69226957968745069e+01 -9.65423419632202240e+00 -2.93397290299105862e+00 1.60130219774487159e+00 -5.51532814785065284e+00 1.29886130823859958e+00 -1.25310004113373452e+00 -2.15587336938245357e+01 -1.50729867215832769e+01 -4.83551972810141706e+00 -1.19081307193442854e+00 3.53130024190824088e+00 1.94338040877653384e-01 3.87147172780828441e-01 -3.69983051072949820e-01 -2.09819537730106163e+01 -2.21626301857837689e+01 -1.47965271506163845e+01 -1.35665541938689103e+01 -4.47674904989486322e+00 -6.57266253716505844e+00 -5.73855793689801885e-01 -2.38208242593429986e+00 2.10886479824910111e+00 -2.20181178493078278e-01 2.67828158613383494e-01 -2.98856384445969070e-01 -1.80391591434784004e-01 -1.70832558047038674e-01 -1.47410835913888150e-02 8.91698391930731304e-01 -1.31569708843896706e+02 2.55802143168253906e+01 7.17861382038347529e+00 9.58152229547698653e+00 1.39444164056948239e+00 -1.50504338358713881e+01 -6.67257473481697616e+00 -3.21259587464703600e+00 1.99219756655298852e+00 -1.68279465951379166e+01 -1.44752005355662732e+01 -7.95620332054090795e+00 -8.66221601102665772e+00 -3.59348937402160118e+00 -3.87118829055373226e+00 4.65254875605751295e-01 -7.53539349441496142e-01 -5.73448003254527936e+260 7.49599402487278297e+260 7.67363275379247279e+263 1.11600150084449769e+260 -4.65159678329496753e+263 5.57900827839030970e+261 -2.77675718467812348e+261 1.64726146463653212e+264 8.40144482521745910e+263 2.74214358655441866e+247 9.38098659436594160e+259 -7.84073462578282329e+259 -2.57399985964826946e+260 -1.14911865128741518e+263 3.16338954988878512e+263 -3.98611126689696027e+263 3.68484869972982720e+263 1.47951723540421654e+01 9.19868625443820065e+00 -5.13378544642421275e+00 -1.43214320486236488e+01 -6.26651264657718343e+00 -1.79810447020854411e+01 -1.39615381247669319e+01 -6.92280536029061011e+00 -7.17430048353186578e+00 1.87862458741933789e+276 -1.96805049157017934e+261 -4.94718692318453831e+263 -3.93610098314035867e+261 -1.57328416359234599e+265 1.47603786867763450e+262 -7.38018934338817251e+261 8.25941590049715013e+264 2.71566367205540121e+264 -1.24343575373779345e+01 -1.45918659043899765e+01 -1.35062698233049900e+01 -1.76655086826021659e+01 -1.00658150838325895e+01 4.20180149161569716e+00 -6.74689349150611406e+00 -7.98394525037127778e+00 -1.43540883802938879e+01 -8.63272885133609691e+00 -9.39312293709670176e+275 2.46006311446272417e+261 1.71257293713322543e+264 3.56709151597095005e+261 8.54982635115947472e+264 -9.39312293709671283e+275 -1.23003155723136209e+260 8.39988550433297168e+263 -4.92012622892544834e+260 2.74715247992052408e+264 -3.23473302003087611e+01 -1.68279466220417646e+01 -1.12822630174839844e+01 2.51939260158223988e+00 -1.85002163162023692e+01 -1.33522520268241180e+01 1.48163823900210900e+00 -1.03313299382411401e+01 -8.01722725936701863e+00 4.82594646462644050e-01 -9.97858929916202442e+00 -7.98454093146460764e+00 2.56185733991520332e+260 -1.94684156129952228e+260 -1.18585221539648548e+263 -9.39312293709670176e+275 2.82907258163213280e+261 3.30755485739513265e+263 1.62748446954924947e+274 -1.99149796812990218e+262 -4.20536257871553653e+263 3.78763847124575709e+260 1.52778506658403552e+261 3.74780861108440870e+263 -2.22724864073507547e+01 2.14167754103194284e+02 1.47201170917823106e+02 9.91606151668483449e+01 6.33285843762894274e+01 3.65097549744698995e+01 1.81773362068316260e+01 6.49458754034168351e+00 3.58405002034079960e+259 -1.54816551129122205e+259 -6.68038104292324233e+259 -3.53279081319697492e+275 7.93407984526130511e+275 -4.77793569202582079e+275 9.69170354748953363e+259 4.55948801585750925e+259
0
0
1 0
0 4 5 6 8 10 12 14 16 18 20 22 24 26 28 30 32 34 34 34 34 34 34 34 34 34 34 34 34 34 34 34 34 34 37 38 39 41 43 45 47 49 51 51 51 51 51 51 51 51 51 54 55 56 58 60 62 64 66 68 68 68 68 68 68 68 68 68 72 73 74 76 78 78 78 78 78 82 83 84 86 88 88 88 88 88 92 93 94 94 94 98 99 100 100 100 104 105 106 106 106 110 111 112 112 112 116 116 116 120 120 120 124 124 124 128 128 128 132 132 132 136 136 136 140 140 140 144 144 144 144 144 144 144 144 144 144 144 144 144 144 144 144 144 144 144
33 50 1 2 3 4 5 6 7 8 9 10 11 12 13 14 15 16 17 18 19 20 21 22 23 24 25 26 27 28 29 30 31 32 67 34 35 36 37 38 39 40 41 42 43 44 45 46 47 48 49 76 51 52 53 54 55 56 57 58 59 60 61 62 63 64 65 66 85 90 68 69 70 71 72 73 74 75 95 100 77 78 79 80 81 82 83 84 105 108 86 87 88 89 111 114 91 92 93 94 117 120 96 97 98 99 123 126 101 102 103 104 129 130 106 107 131 132 109 110 133 134 112 113 135 136 115 116 137 138 118 119 139 140 121 122 141 142 124 125 143 144 127 128
1 145 1 -4.66891946038287529e+02 -4.62981572017706696e+02 -4.83814641835162035e+02 -4.74590993224319163e+02 -4.78287266839715812e+02 -4.67184980423268030e+02 -4.76256797779153999e+02 -4.71290745130763071e+02 -4.82304054378572687e+02 -4.86642009914311927e+02 -4.85960973545376874e+02 -4.80259415229837998e+02 -4.72765184980655135e+02 -4.65560045342617116e+02 -4.74594667944361731e+02 -4.79908513436363478e+02 -4.83429331157940339e+02 -4.95793744739019928e+02 -4.99076125354573776e+02 -4.91369504134938779e+02 -4.93842537578716929e+02 -4.81901953276973416e+02 -4.84830769041661028e+02 -4.75084847173594426e+02 -4.72210647935405632e+02 -4.64117130892203249e+02 -4.68645576415183143e+02 -4.72674878378949131e+02 -4.76739823776484798e+02 -4.79278281729474429e+02 -4.81277116465515121e+02 -4.82881433851847873e+02 -4.82730288104620456e+02 -5.98461654882184234e+02 -5.68971066544777955e+02 -6.08205736858675323e+02 -5.83789072614326187e+02 -6.04873227132851298e+02 -5.89829201217678587e+02 -6.03313266630922840e+02 -6.03581175573926203e+02 -6.05800384470343943e+02 -6.17786814170190723e+02 -6.16357324173152051e+02 -6.06342892671266782e+02 -6.10740489839514566e+02 -6.01083604360168579e+02 -6.07904051603064772e+02 -6.04484403753211154e+02 -6.08126583065024079e+02 -5.73448003254527936e+260 1.76151399232750306e+260 7.66789827375992795e+263 -8.70481519264390326e+259 -8.20514886431276394e+262 5.62355990204346529e+261 -3.10700526226860661e+261 1.60594899631334088e+264 1.18251365188817842e+264 2.89985565063813525e+261 2.86206574100217258e+261 -1.67543405335535124e+261 -2.09762661872639444e+261 6.87775909026301737e+263 1.07828770882398518e+264 1.51619954932829359e+263 1.34313660960506839e+264 -5.17881628106193716e+02 -4.91982460672761988e+02 -5.36348802439300698e+02 -5.24116949486685030e+02 -5.35618480002030651e+02 -5.31954664501999787e+02 -5.43812442436465290e+02 -5.33980296043487783e+02 -5.43414942962054852e+02 1.87862458741933765e+276 1.87862458741933617e+276 1.87862458741922670e+276 1.87862458741933297e+276 1.87862458740331673e+276 1.87862458741935191e+276 1.87862458741932633e+276 1.87862458742041023e+276 1.87862458741440768e+276 -5.70605999031566853e+02 -5.57502987050537854e+02 -5.98217897009670992e+02 -5.91348810222680640e+02 -5.99499161100304036e+02 -4.88184985580624925e+02 -4.80027108345124759e+02 -5.13863865895986919e+02 -5.12879704989933316e+02 -5.15375773405779341e+02 -1.31070750374873763e+261 3.40821376227228392e+260 1.65572408827662641e+264 1.08575832628803678e+261 1.39437171813431254e+264 -2.67482379170021449e+261 -3.30956195009926732e+261 1.16534662966285935e+264 -5.37521595561118898e+261 -4.88683112636990620e+264 -6.16881157157184361e+02 -6.12412303620008629e+02 -6.46841410151965874e+02 -5.41724420967298101e+02 -5.40723547576270221e+02 -5.78116209149727638e+02 -5.01551668604407269e+02 -4.94854476208182348e+02 -5.31641923188008832e+02 -4.77055871162993526e+02 -4.81000334834115108e+02 -5.06341200150576469e+02 -4.52969487510880600e+260 2.12792129651338515e+260 7.09511789254187005e+263 -2.05561400919959765e+261 8.75732778833630239e+260 1.10172893578827688e+264 9.55587138405160099e+275 9.55587138405139066e+275 9.55587138405268096e+275 -1.28714589411230802e+261 3.55236279989201215e+260 1.34122729997885295e+264 -6.29943892427035053e+02 -3.79575823991181323e+02 -4.08964039081609371e+02 -4.30642409369897564e+02 -4.46388063979011065e+02 -4.58358572118046141e+02 -4.64443092164977656e+02 -4.65479321060298844e+02 -1.80560587658906640e+260 -8.01767062944622289e+260 -1.60631569622241833e+261 5.86033212389970347e+275 2.21051384743837932e+276 -3.35712668907482223e+261 -1.90868820723454718e+261 -8.90661076332607550e+260
custom
2.00000000000000011e-01 3.00000000000000000e+00
2.00000000000000011e-01 3.00000000000000000e+00
TASMANIAN SG end
