TASMANIAN SG 4.0
WARNING: do not edit this manually
localpolynomial
2 1 1 4
localp
1 2 65 0 0 0 1 0 2 0 3 0 4 0 5 0 6 0 7 0 8 0 9 0 10 0 11 0 12 0 13 0 14 0 15 0 16 1 0 1 1 1 2 1 3 1 4 1 5 1 6 1 7 1 8 2 0 2 1 2 2 2 3 2 4 2 5 2 6 2 7 2 8 3 0 3 1 3 2 3 3 3 4 4 0 4 1 4 2 4 3 4 4 5 0 5 1 5 2 6 0 6 1 6 2 7 0 7 1 7 2 8 0 8 1 8 2 9 0 10 0 11 0 12 0 13 0 14 0 15 0 16 0
1  -5.36345190572329329e+02 3.79797368291463044e+00 -1.17002031122636936e+01 -1.65263274044616537e+01 -5.92251309625135036e+00 -1.78367070037922986e+01 -1.34568781788536853e+01 -4.81186761582534928e+00 -6.18654797025783409e+00 -2.26588353433531893e+01 -2.08631099560446955e+01 -2.05454642355921351e+01 -2.31843466850066307e+01 -2.20569236179752579e+01 -2.18218970712442797e+01 -2.06411705227271796e+01 -2.23298121274688128e+01 -5.31455841903070905e+01 -1.09465094877440379e+01 -1.01865003501096680e+01 -1.21244424928818830e+01 -7.04327955797867844e+00 -1.14804051621507028e+01 -1.34311472172963704e+01 -1.43814801601465660e+01 -1.27559648621524389e+01 2.35858276465668268e+01 -1.10407311146639131e+01 -1.10260768643877327e+00 -1.01693219421831600e+01 -7.43534832157394021e+00 -2.26288928389656689e+01 -2.44202714151765008e+01 -2.59670187065209461e+01 -2.56320309027559006e+01 -2.70566681715654340e+01 -1.55912922560022480e+01 -1.27012402021686057e+01 -1.35281755556169117e+01 -1.38179071092734773e+01 2.31647208750473510e+00 -9.10459685262259200e+00 -8.96440911287260178e+00 -2.08625980816729850e+01 -2.16091523645156940e+01 -1.97261078750452725e+01 -1.26569416885567989e+01 -1.04555662244245013e+01 1.10497014315435194e+02 -5.24861730891634579e+01 -5.00512753252937728e+01 6.02680590649354144e+01 -4.80003098627376801e+01 -4.62245574607214564e+01 3.26489442394606613e+01 -4.34625570454368528e+01 -4.29594703810215890e+01 -1.90415804544965113e+01 5.99716735757467973e+02 5.21318778614650910e+02 4.94504048481291477e+02 5.02683814562164571e+02 4.95629121606770525e+02 5.03542222107866166e+02 4.98804001239976856e+02
0
0
1 0
0 4 5 6 8 10 12 14 16 18 18 18 18 18 18 18 18 18 21 22 23 25 27 27 27 27 27 30 31 32 34 36 36 36 36 36 40 41 42 42 42 46 47 48 48 48 52 52 52 56 56 56 60 60 60 64 64 64 64 64 64 64 64 64 64 64
17 26 1 2 3 4 5 6 7 8 9 10 11 12 13 14 15 16 35 18 19 20 21 22 23 24 25 40 27 28 29 30 31 32 33 34 45 48 36 37 38 39 51 54 41 42 43 44 57 58 46 47 59 60 49 50 61 62 52 53 63 64 55 56
1 65 1 -5.36345190572329329e+02 -5.32547216889414699e+02 -5.48045393684593023e+02 -5.50972531135333725e+02 -5.48117805224712583e+02 -5.59596581016166510e+02 -5.57115739032685156e+02 -5.47043365514346306e+02 -5.54268147424910580e+02 -5.68730734296143737e+02 -5.76147666031794756e+02 -5.74589599319601575e+02 -5.69914811487513816e+02 -5.63751201661313075e+02 -5.69402482440773724e+02 -5.71834146847538705e+02 -5.73486582682220615e+02 -5.89490774762636420e+02 -5.96639310567465827e+02 -6.11377478225009781e+02 -6.21715812562394717e+02 -6.13399919148053073e+02 -6.38494673730873274e+02 -6.32491319058665567e+02 -6.20638694731316718e+02 -6.31331211518941700e+02 -5.12759362925762503e+02 -5.20002120357511785e+02 -5.25562173724464969e+02 -5.43076390988281901e+02 -5.32518629742939083e+02 -5.72004855515654867e+02 -5.65795026551052388e+02 -5.53417882656697088e+02 -5.60858980606715704e+02 -5.89974650839048309e+02 -6.07241224156008002e+02 -6.19469344328535499e+02 -6.34724661704047662e+02 -6.27984057568306071e+02 -5.22235804661541124e+02 -5.33062793388581099e+02 -5.43451720729896806e+02 -5.70122885482287302e+02 -5.64093102317272951e+02 -6.09458820675887637e+02 -6.34323316925338872e+02 -6.45605085376242414e+02 -4.52662906390253625e+02 -5.11883379296439614e+02 -5.23311630016422896e+02 -4.69022438551999812e+02 -5.20537255936800193e+02 -5.31705055603030928e+02 -4.84848639554191209e+02 -5.37346069679022548e+02 -5.44817473368741844e+02 -6.18516378173758540e+02 1.95608691865141303e-316 1.95608573289386301e-316 1.95608454713631299e-316 1.95608336137876298e-316 1.95608217562121296e-316 1.95608098986366294e-316 1.95607980410611292e-316
custom
2.00000000000000011e-01 3.00000000000000000e+00
2.00000000000000011e-01 3.00000000000000000e+00
TASMANIAN SG end
