TASMANIAN SG 4.0
WARNING: do not edit this manually
localpolynomial
2 1 1 4
localp
1 2 65 0 0 0 1 0 2 0 3 0 4 0 5 0 6 0 7 0 8 0 9 0 10 0 11 0 12 0 13 0 14 0 15 0 16 1 0 1 1 1 2 1 3 1 4 1 5 1 6 1 7 1 8 2 0 2 1 2 2 2 3 2 4 2 5 2 6 2 7 2 8 3 0 3 1 3 2 3 3 3 4 4 0 4 1 4 2 4 3 4 4 5 0 5 1 5 2 6 0 6 1 6 2 7 0 7 1 7 2 8 0 8 1 8 2 9 0 10 0 11 0 12 0 13 0 14 0 15 0 16 0
1  -4.52033408154111271e+02 6.47024501944224539e+00 -2.10227864791296497e+01 -2.86065670078437506e+00 -3.95720202085084338e+00 -2.80849423775894707e+01 -1.66304588322459495e+01 -5.49658576812771571e+00 -2.46577436674340333e+00 -3.02912934065464015e+01 -2.72816523753945148e+01 -1.89186950057152785e+01 -1.88789849947386301e+01 -8.08229104916881624e+00 -1.04815375143192000e+01 -2.99618265053163668e+00 -4.42320106114328837e+00 -9.28901819722572100e+01 1.80402026851494384e+01 -9.60424257088448030e-01 -2.11389061390100892e+01 -1.08928056824150303e+01 -2.19680739599638741e+01 -1.96008611691587475e+01 -1.33948465299229156e+01 -1.38806304570446741e+01 4.25336419317309833e+01 -2.11128937837503372e+00 -1.48164637065094666e+01 -1.95089249791108443e+01 -1.02283869720091616e+01 -1.99213899459909385e+01 -1.79391224252213703e+01 -1.17344603738759474e+01 -1.23432830601770434e+01 -9.24230838784262687e+00 -2.06177499658636521e+01 -1.88525192566239070e+01 -2.38730784159652671e+01 -1.75071063604701749e+01 2.57837039122034639e+00 -1.08657375442050181e+01 -1.02212876296223101e+01 -1.85434545015504000e+01 -1.42768203390240132e+01 -5.00046894637599735e+01 -2.19680739722078044e+01 -1.80383851868710110e+01 1.90928194769401216e+00 -2.48677329739378763e+01 -2.11822040131025631e+01 1.11385950455462535e+00 -1.67660586769097932e+01 -1.36387776334915003e+01 2.31180140359697361e-01 -1.60500926099983161e+01 -1.34031724273128106e+01 -2.96201258809426804e+01 2.47426136783317020e+02 1.78207500092757982e+02 1.33380281434850247e+02 9.78908977375883751e+01 6.69578745312344381e+01 4.16092063802159942e+01 2.11664946380516881e+01
0
0
1 0
0 4 5 6 8 10 12 14 16 18 18 18 18 18 18 18 18 18 21 22 23 25 27 27 27 27 27 30 31 32 34 36 36 36 36 36 40 41 42 42 42 46 47 48 48 48 52 52 52 56 56 56 60 60 60 64 64 64 64 64 64 64 64 64 64 64
17 26 1 2 3 4 5 6 7 8 9 10 11 12 13 14 15 16 35 18 19 20 21 22 23 24 25 40 27 28 29 30 31 32 33 34 45 48 36 37 38 39 51 54 41 42 43 44 57 58 46 47 59 60 49 50 61 62 52 53 63 64 55 56
1 65 1 -4.52033408154111271e+02 -4.45563163134669026e+02 -4.73056194633240921e+02 -4.51658942345174523e+02 -4.66502003414526939e+02 -4.76695995117511245e+02 -4.68476634081888847e+02 -4.64764291552446821e+02 -4.72244873390627390e+02 -4.91420872532636565e+02 -4.91459121106737371e+02 -4.78986483219246963e+02 -4.79134006112738689e+02 -4.66481140902447862e+02 -4.76114684997806080e+02 -4.72369621053108744e+02 -4.77073735073077444e+02 -5.44923590126368481e+02 -5.20413142421776797e+02 -5.66906800862586579e+02 -5.56667929113867103e+02 -5.70765203197743290e+02 -5.88593552105375238e+02 -5.87027079621522489e+02 -5.76735828960106574e+02 -5.85182406853953125e+02 -4.09499766222380288e+02 -4.05140810581313076e+02 -4.45339016408019404e+02 -4.29689870081741901e+02 -4.41604980308059851e+02 -4.65421672655107898e+02 -4.54164399409528414e+02 -4.42783419407223732e+02 -4.58281055784960074e+02 -5.07720807528082503e+02 -5.12848211131929133e+02 -5.48076325392380340e+02 -5.47587697516260505e+02 -5.54809277682759785e+02 -4.28188216797025461e+02 -4.33639354010975694e+02 -4.66840522759032126e+02 -4.62072359095890761e+02 -4.70862585623908217e+02 -5.76326888290985494e+02 -5.88603440212820715e+02 -6.25534637778114416e+02 -4.77967825893402846e+02 -5.02164138159543029e+02 -5.29839182078219210e+02 -4.38996952971013741e+02 -4.55253457745177514e+02 -4.82473276825073413e+02 -4.18612811369343149e+02 -4.35208994765783018e+02 -4.69261761870478892e+02 -5.90245365089619554e+02 -2.94597711126216950e+02 -3.14636816617984721e+02 -3.31620335588906869e+02 -3.47624282824974102e+02 -3.66634710352785191e+02 -3.81791307702968311e+02 -3.92889794157810059e+02
custom
2.00000000000000011e-01 3.00000000000000000e+00
2.00000000000000011e-01 3.00000000000000000e+00
TASMANIAN SG end
