TASMANIAN SG 4.0
WARNING: do not edit this manually
localpolynomial
2 1 1 4
localp
1 2 65 0 0 0 1 0 2 0 3 0 4 0 5 0 6 0 7 0 8 0 9 0 10 0 11 0 12 0 13 0 14 0 15 0 16 1 0 1 1 1 2 1 3 1 4 1 5 1 6 1 7 1 8 2 0 2 1 2 2 2 3 2 4 2 5 2 6 2 7 2 8 3 0 3 1 3 2 3 3 3 4 4 0 4 1 4 2 4 3 4 4 5 0 5 1 5 2 6 0 6 1 6 2 7 0 7 1 7 2 8 0 8 1 8 2 9 0 10 0 11 0 12 0 13 0 14 0 15 0 16 0
1  -4.20595351828570756e+02 3.67940568556781500e+00 -1.59008709508647712e+01 -1.84044809050874392e+00 -2.89248440023732201e+00 -4.84641700711300700e+01 -3.31459317364291337e+01 -1.90237953829197295e+01 -1.12647982775789615e+01 -5.01552093070597493e+01 -5.06324518378003177e+01 -4.95595775262216307e+01 -5.21237542621209400e+01 -4.89667822205914831e+01 -5.16793154500417700e+01 -4.90501211623916333e+01 -5.14572688495247803e+01 -1.15342729958144332e+01 1.22631760408960417e+01 -1.19630944157557906e+00 -4.23015147265217024e+01 -2.80277927671783402e+01 -3.88321411111190002e+01 -4.00695300154839913e+01 -3.98621327052115078e+01 -4.32130985603681097e+01 -7.11200552906711891e+00 -1.19630943723001337e+00 -1.12810595244523597e+01 -3.54299029872449580e+01 -2.28092575314043131e+01 -3.85796177886872158e+01 -4.02001113703593091e+01 -4.00724793824266499e+01 -4.21681515698313945e+01 -9.44728743108953495e+00 -4.23015147265425924e+01 -3.54299029845838902e+01 -4.44448480586729175e+01 -4.21778859241831867e+01 -1.93545693047826717e+00 -2.80277927696170650e+01 -2.28092575313231123e+01 -4.44681427822625466e+01 -4.28198331020650613e+01 -4.84641700711172803e+01 -3.88321411111316337e+01 -3.50998236662646121e+01 2.62774959216670823e+00 -5.08526890019832223e+01 -4.75034762349951194e+01 4.40610643240859190e-01 -4.92938796554149121e+01 -4.60244322108161441e+01 -6.56671167485910701e-01 -5.13763706696136069e+01 -4.68516295565021892e+01 -4.90439148080630503e+01 4.59121823059830547e+02 4.30692294979234987e+02 4.23085083014736597e+02 4.21747911430703311e+02 4.24493641278209225e+02 4.26820283565839361e+02 4.27630556482867007e+02
0
0
1 0
0 4 5 6 8 10 12 14 16 18 18 18 18 18 18 18 18 18 21 22 23 25 27 27 27 27 27 30 31 32 34 36 36 36 36 36 40 41 42 42 42 46 47 48 48 48 52 52 52 56 56 56 60 60 60 64 64 64 64 64 64 64 64 64 64 64
17 26 1 2 3 4 5 6 7 8 9 10 11 12 13 14 15 16 35 18 19 20 21 22 23 24 25 40 27 28 29 30 31 32 33 34 45 48 36 37 38 39 51 54 41 42 43 44 57 58 46 47 59 60 49 50 61 62 52 53 63 64 55 56
1 65 1 -4.20595351828570756e+02 -4.16915946143002941e+02 -4.36496222779435527e+02 -4.20596097076295621e+02 -4.31438271704240492e+02 -4.67220191680779351e+02 -4.53741656188862294e+02 -4.45040607149325353e+02 -4.45232045519416943e+02 -4.92223278218950895e+02 -4.94540596216337804e+02 -4.86728454158800560e+02 -4.89292258270837465e+02 -4.81784761709539509e+02 -4.89918754876824664e+02 -4.87385279774220294e+02 -4.92321402998950987e+02 -4.32129624824385189e+02 -4.16187043097921332e+02 -4.49226805216825539e+02 -4.68300296778183736e+02 -4.71598492188021055e+02 -5.29539981120301604e+02 -5.23430422553197559e+02 -5.10749986594334359e+02 -5.14890545540370340e+02 -4.27707357357637875e+02 -4.25224261109300073e+02 -4.54889287832955006e+02 -4.63736160311222648e+02 -4.67000064526938104e+02 -5.31523998570078675e+02 -5.19067801941218704e+02 -5.06449985707634369e+02 -5.14377626027356882e+02 -4.35809775757567479e+02 -4.68300296778094264e+02 -4.87738704413803930e+02 -5.19491089780273342e+02 -5.20858506793695369e+02 -4.26086811523582583e+02 -4.51033353326246811e+02 -4.70437469767996674e+02 -5.02583624791308523e+02 -5.05379086913794140e+02 -4.82433870362093614e+02 -5.29539981120256698e+02 -5.52046748552696613e+02 -4.25574814200902438e+02 -4.90833060870365102e+02 -5.06993190239448154e+02 -4.22900471032835810e+02 -4.82827918746798957e+02 -4.99050667841291329e+02 -4.27553755608096139e+02 -4.90161849054873016e+02 -5.10171679524463968e+02 -5.06325662401302509e+02 1.55620520450314165e-316 1.55620401874559163e-316 1.55620283298804162e-316 1.55620164723049160e-316 1.55620046147294158e-316 1.55619927571539156e-316 1.55619808995784154e-316
custom
2.00000000000000011e-01 3.00000000000000000e+00
2.00000000000000011e-01 3.00000000000000000e+00
TASMANIAN SG end
