TASMANIAN SG 4.0
WARNING: do not edit this manually
localpolynomial
2 1 1 5
localp
1 2 145 0 0 0 1 0 2 0 3 0 4 0 5 0 6 0 7 0 8 0 9 0 10 0 11 0 12 0 13 0 14 0 15 0 16 0 17 0 18 0 19 0 20 0 21 0 22 0 23 0 24 0 25 0 26 0 27 0 28 0 29 0 30 0 31 0 32 1 0 1 1 1 2 1 3 1 4 1 5 1 6 1 7 1 8 1 9 1 10 1 11 1 12 1 13 1 14 1 15 1 16 2 0 2 1 2 2 2 3 2 4 2 5 2 6 2 7 2 8 2 9 2 10 2 11 2 12 2 13 2 14 2 15 2 16 3 0 3 1 3 2 3 3 3 4 3 5 3 6 3 7 3 8 4 0 4 1 4 2 4 3 4 4 4 5 4 6 4 7 4 8 5 0 5 1 5 2 5 3 5 4 6 0 6 1 6 2 6 3 6 4 7 0 7 1 7 2 7 3 7 4 8 0 8 1 8 2 8 3 8 4 9 0 9 1 9 2 10 0 10 1 10 2 11 0 11 1 11 2 12 0 12 1 12 2 13 0 13 1 13 2 14 0 14 1 14 2 15 0 15 1 15 2 16 0 16 1 16 2 17 0 18 0 19 0 20 0 21 0 22 0 23 0 24 0 25 0 26 0 27 0 28 0 29 0 30 0 31 0 32 0
1  -4.26014184516891817e+02 -7.34470817276530852e-01 -1.92625969907256263e+01 -5.16205146906219170e+00 -8.28446244075905724e-01 -3.66375502638896933e+00 -2.61195003548357363e+00 1.41055490134829142e+00 -4.33898888378564607e-01 -5.72091399689469426e+00 -4.37915426275168329e+00 -1.92173647547167548e+00 -1.83455001313507182e+00 9.16413207766765936e-01 -2.69267095563861858e-01 -7.50208654056336854e-02 -2.03900755020470115e-01 -1.69332578366381767e+01 -1.64724669974482367e+01 -1.45915826851241945e+01 -1.36167819837963293e+01 -1.11559569197487463e+01 -1.01460059222314385e+01 -7.96796620492148122e+00 -7.25271843132219374e+00 -4.06309793015242349e+00 -2.90470313318411399e+00 -9.12319727691965454e-01 4.68444306233038787e-01 2.39291965405828932e+00 4.11315250190244797e+00 5.77163867799072250e+00 7.33399657377736958e+00 -2.44499664141731557e+02 1.05071612416477365e+01 6.43444324880942986e+00 -4.84374200216166173e-01 3.96942156529348722e-01 -2.52201439475089728e+00 -1.92837845506704753e+00 -1.08061912521753811e+00 -3.95278241747348602e-01 -2.72716942055467371e+00 -1.98964909543684598e+00 -1.94260203072281001e+00 -2.66308459101043127e+00 -2.71030909451638991e+00 -1.80904828414963958e+00 -1.11567555838831822e+00 -1.07640860269202676e+00 1.70449896297334249e+02 -1.33226304019478903e+00 -1.07330068668370586e+01 -4.82628891701961038e+00 -3.79564733840931012e+00 -5.66421786803519467e+00 -4.82486290842362564e+00 -2.52368779277318822e+00 -2.53032413360440955e+00 -2.23693153400186020e+01 -2.05999091935261163e+01 -1.86056700165891016e+01 -1.76777364139597921e+01 -1.44884990677181804e+01 -1.25920434866677056e+01 -9.45478868651400717e+00 -7.84924696447257020e+00 -6.97446301014809933e+00 -5.71760440025940397e-01 -1.60357687879135824e+00 -2.10881051839491818e+00 -1.06102472492078448e+00 -4.93282953302079363e+00 -5.06203734746726752e+00 -4.74413467424606949e+00 -3.56623292779272560e+00 2.37431879745167862e+00 7.46230292733571332e-01 -3.07322861914320811e+00 -2.22123629810201351e+00 -1.60063554154274357e+00 -1.83710657227657350e+01 -1.73704506392714961e+01 -1.56462857291390236e+01 -1.31265881038424510e+01 -4.07042996296307820e+01 -1.51809612833520191e+00 -6.61268276305719382e-01 -1.72443264344831704e+00 -1.40932581647435740e+00 1.89528948283788736e+01 -8.06124789018493004e+00 -7.24173843552087249e+00 -1.47581241567735475e+01 -1.29010884875884670e+01 2.82593628224771010e+00 -2.03816273074247079e+00 -2.50278263839359738e+00 -1.67924058981164706e+01 -1.50047226598752843e+01 -1.16739339381985019e+00 -1.37270636552955239e-02 -1.62865520672036723e+00 -1.63578948900440935e+01 -1.45293805622874856e+01 -1.29369456055930527e+01 -3.07826591177065723e+00 -1.05072854109728553e+00 1.26632448189198101e+02 -3.82124506472874970e+01 -3.48422536216245504e+01 5.37285108383146621e+01 -2.92369777848326606e+01 -2.66645107493107929e+01 2.88190928148171679e+01 -2.58446186996310203e+01 -2.33610614303868616e+01 9.52347885363889191e+00 -1.72395432475345416e+01 -1.51650988675081209e+01 5.05736024659302075e+00 -1.55531228605028531e+01 -1.39467532229345323e+01 -2.36551962182034003e-01 -9.18861123655615586e+00 -8.20197840733278838e+00 2.56423881564273870e-02 -8.80971037652139444e+00 -8.13340191551210978e+00 -6.31748957465509875e+00 5.09550918735268283e+02 3.83982563605708037e+02 3.27686377736621239e+02 2.81570898010008534e+02 2.35077798101506346e+02 1.84903610312082549e+02 1.54569035035867557e+02 1.07101077644195868e+02 6.94315593679081076e+01 2.38808113777492395e+01 -1.23537505038315771e+01 -5.61494695177171366e+01 -9.80532628490678348e+01 -1.39707103975840084e+02 -1.80130905876205532e+02
0
0
1 0
0 4 5 6 8 10 12 14 16 18 20 22 24 26 28 30 32 34 34 34 34 34 34 34 34 34 34 34 34 34 34 34 34 34 37 38 39 41 43 45 47 49 51 51 51 51 51 51 51 51 51 54 55 56 58 60 62 64 66 68 68 68 68 68 68 68 68 68 72 73 74 76 78 78 78 78 78 82 83 84 86 88 88 88 88 88 92 93 94 94 94 98 99 100 100 100 104 105 106 106 106 110 111 112 112 112 116 116 116 120 120 120 124 124 124 128 128 128 132 132 132 136 136 136 140 140 140 144 144 144 144 144 144 144 144 144 144 144 144 144 144 144 144 144 144 144
33 50 1 2 3 4 5 6 7 8 9 10 11 12 13 14 15 16 17 18 19 20 21 22 23 24 25 26 27 28 29 30 31 32 67 34 35 36 37 38 39 40 41 42 43 44 45 46 47 48 49 76 51 52 53 54 55 56 57 58 59 60 61 62 63 64 65 66 85 90 68 69 70 71 72 73 74 75 95 100 77 78 79 80 81 82 83 84 105 108 86 87 88 89 111 114 91 92 93 94 117 120 96 97 98 99 123 126 101 102 103 104 129 130 106 107 131 132 109 110 133 134 112 113 135 136 115 116 137 138 118 119 139 140 121 122 141 142 124 125 143 144 127 128
1 145 1 -4.26014184516891817e+02 -4.26748655334168348e+02 -4.45276781507617443e+02 -4.31543471394592245e+02 -4.36473929256330507e+02 -4.32809818390769237e+02 -4.31390777991225605e+02 -4.29833501985262899e+02 -4.41309254270352540e+02 -4.35500150859363487e+02 -4.36555799155432510e+02 -4.33388861168380629e+02 -4.30537031267193754e+02 -4.27007430043310592e+02 -4.33422982716360593e+02 -4.38966612628747157e+02 -4.43496918644005405e+02 -4.48057660933404122e+02 -4.50627451622514570e+02 -4.49274391458225125e+02 -4.47666417258808679e+02 -4.43622123201235183e+02 -4.42535825502034584e+02 -4.38931870834131132e+02 -4.35528326323365036e+02 -4.30573905210253599e+02 -4.31325169147470831e+02 -4.32540562078503740e+02 -4.34480011680112455e+02 -4.35327351288480543e+02 -4.36024780947647457e+02 -4.36631447779188306e+02 -4.37052853502034054e+02 -6.70513848658623374e+02 -6.60741158234252225e+02 -6.83342002400539627e+02 -6.71273929115716101e+02 -6.77359429617128058e+02 -6.72193313096123916e+02 -6.75434217377720302e+02 -6.73606703361744962e+02 -6.81179893138959642e+02 -6.74915319082637438e+02 -6.78102424464108594e+02 -6.77218411752912743e+02 -6.77471667622317455e+02 -6.73854171896933849e+02 -6.77561381869149955e+02 -6.80460357801837745e+02 -6.83541257127462131e+02 -2.55564288219557568e+02 -2.57631022077028888e+02 -2.85559892077120253e+02 -2.66585995534375002e+02 -2.75186183730824155e+02 -2.71436481700126080e+02 -2.68511954820873484e+02 -2.66488368866615701e+02 -2.83337260925955206e+02 -2.92623981225490752e+02 -2.93990302073528369e+02 -2.88076381669685020e+02 -2.81550407947310362e+02 -2.74598414403038078e+02 -2.83698586880951552e+02 -2.88791531880309321e+02 -2.92501724221030713e+02 -5.55238479597905666e+02 -5.51291130234384354e+02 -5.72887431843018021e+02 -5.60777854003710104e+02 -5.65753955611193760e+02 -5.65892083875832327e+02 -5.66646343411292264e+02 -5.64370106940056303e+02 -5.73518464664150883e+02 -3.38414917570773014e+02 -3.39069289615413368e+02 -3.66117246614060377e+02 -3.48538535818767173e+02 -3.56592987547240000e+02 -3.68670842400262586e+02 -3.65871558823737018e+02 -3.63001527283183805e+02 -3.76180766139673437e+02 -6.53580463757895359e+02 -6.48238539992284132e+02 -6.69480285027715126e+02 -6.59213671896959795e+02 -6.64000952198418872e+02 -4.71673437229019896e+02 -4.78128245846082393e+02 -4.97370950282459717e+02 -4.95996515972638349e+02 -4.98683005310732256e+02 -3.79388614761584677e+02 -3.82121198923285590e+02 -4.05373860416984826e+02 -4.05026554587919748e+02 -4.09963636098609641e+02 -2.98156996288985169e+02 -2.99531276303696245e+02 -3.28634617946130504e+02 -3.25094417492262664e+02 -3.32400687198499554e+02 -6.74984101813852476e+02 -6.70505060630631988e+02 -6.90398817860817758e+02 -4.77777023488702412e+02 -5.11344837571423682e+02 -5.29393663867793066e+02 -4.59727447575148062e+02 -4.90218154986751358e+02 -5.08065190973735014e+02 -4.20024718058138660e+02 -4.49463976474939216e+02 -4.65865834510608238e+02 -3.93177920785599326e+02 -4.12150991522622633e+02 -4.30966940976170349e+02 -3.53844405919585824e+02 -3.71091006883259297e+02 -3.94634946491864071e+02 -3.18522508892061069e+02 -3.28725446158293039e+02 -3.55814462649610277e+02 -2.76834999866114913e+02 -2.87365217178727562e+02 -3.15205014538981118e+02 -6.79066464810892967e+02 -1.54731364050605549e+02 -1.81696180017590791e+02 -1.88821373806682800e+02 -2.25912065576518387e+02 -2.30622644300577633e+02 -2.60945467331496786e+02 -2.68450416251647709e+02 -3.02494975007049788e+02 -3.16851708405684008e+02 -3.42735698962836011e+02 -3.58483412249011053e+02 -3.84618182749134178e+02 -4.06393015439590954e+02 -4.27203102053390126e+02 -4.46330549919041744e+02
custom
2.00000000000000011e-01 3.00000000000000000e+00
2.00000000000000011e-01 3.00000000000000000e+00
TASMANIAN SG end
