TASMANIAN SG 4.0
WARNING: do not edit this manually
localpolynomial
2 1 1 4
localp
1 2 65 0 0 0 1 0 2 0 3 0 4 0 5 0 6 0 7 0 8 0 9 0 10 0 11 0 12 0 13 0 14 0 15 0 16 1 0 1 1 1 2 1 3 1 4 1 5 1 6 1 7 1 8 2 0 2 1 2 2 2 3 2 4 2 5 2 6 2 7 2 8 3 0 3 1 3 2 3 3 3 4 4 0 4 1 4 2 4 3 4 4 5 0 5 1 5 2 6 0 6 1 6 2 7 0 7 1 7 2 8 0 8 1 8 2 9 0 10 0 11 0 12 0 13 0 14 0 15 0 16 0
1  -4.96290737622325253e+02 1.62270783817734809e+00 -1.45891041991354768e+01 -9.79191517215440399e+00 -2.30534864631522396e+00 -1.02078912199895058e+01 -6.93999113605582352e+00 -5.06481912897982056e-01 -1.95902381336412645e+00 -1.36848283399397701e+01 -1.11862923977528794e+01 -8.21574750964686018e+00 -8.39054316602602057e+00 -3.37229908365634401e+00 -3.97279576754880281e+00 -1.63237716359770957e+00 -2.10944792661700831e+00 -1.37288921695793249e+02 7.73528310978235822e-01 -1.80437613353853976e+00 -5.94469170487957399e+00 -2.70914000319515935e+00 -6.49468153119329372e+00 -6.56084641672038060e+00 -4.82746212690585708e+00 -3.85364406351646949e+00 7.01026071456848285e+01 -6.73431228522980518e+00 -6.03081985149958655e+00 -6.15565172975149721e+00 -4.06604052273519301e+00 -1.19627237433172127e+01 -1.09281555610606631e+01 -8.23253860391812964e+00 -7.20535936085340722e+00 -1.71856802945130198e+01 -6.02768427038475352e+00 -5.21478339472665198e+00 -7.26651591481846992e+00 -5.78088234064232154e+00 7.84221994729125527e+00 -3.33622364939219551e+00 -4.52561037179344794e+00 -9.03079496898915579e+00 -7.53041400340350719e+00 -3.80261630676039317e+01 -7.16027040800368297e+00 -5.34649314623841576e+00 5.56991664588024946e+01 -2.56830819814017985e+01 -2.23326542580136191e+01 2.27533425367976747e+01 -1.66761559974159184e+01 -1.45924946844260432e+01 8.20735792716908463e+00 -1.22707305700446625e+01 -1.13156676697913952e+01 -1.15001833017211652e+01 3.23191563099148539e+02 2.10758568116214121e+02 1.61894838393903228e+02 1.10146028816446119e+02 8.36934944562747773e+01 4.42939301880831522e+01 2.87679441869000811e+01
0
0
1 0
0 4 5 6 8 10 12 14 16 18 18 18 18 18 18 18 18 18 21 22 23 25 27 27 27 27 27 30 31 32 34 36 36 36 36 36 40 41 42 42 42 46 47 48 48 48 52 52 52 56 56 56 60 60 60 64 64 64 64 64 64 64 64 64 64 64
17 26 1 2 3 4 5 6 7 8 9 10 11 12 13 14 15 16 35 18 19 20 21 22 23 24 25 40 27 28 29 30 31 32 33 34 45 48 36 37 38 39 51 54 41 42 43 44 57 58 46 47 59 60 49 50 61 62 52 53 63 64 55 56
1 65 1 -4.96290737622325253e+02 -4.94668029784147905e+02 -5.10879841821460730e+02 -5.05271298875390983e+02 -5.05890638368208215e+02 -5.10177555549758949e+02 -5.07721009384913941e+02 -5.01597169908164688e+02 -5.10344263908198627e+02 -5.16107621006893169e+02 -5.18910719610327874e+02 -5.14711901639799294e+02 -5.10396416669645589e+02 -5.02316252848901343e+02 -5.07716699905735254e+02 -5.09749828301801131e+02 -5.12721500791446715e+02 -6.33579659318118502e+02 -6.31183423168962918e+02 -6.49973139650792518e+02 -6.48118148120574688e+02 -6.46790888133965950e+02 -6.56353358395951545e+02 -6.54349741272122856e+02 -6.45519217765845951e+02 -6.54194681769259887e+02 -4.26188130476640424e+02 -4.31299734923692881e+02 -4.46808054527275488e+02 -4.44691499602072554e+02 -4.42869481671008373e+02 -4.60166232226189436e+02 -4.53307961736472976e+02 -4.43267826590640539e+02 -4.54003151273359435e+02 -5.82120878764734925e+02 -5.86139091041453185e+02 -6.02826954425366239e+02 -6.04160761842506645e+02 -6.01914717583605693e+02 -4.53397214102191583e+02 -4.58477886056021362e+02 -4.75527338598870301e+02 -4.77838086085125781e+02 -4.76331059261617270e+02 -6.45876432109030702e+02 -6.53847690580815652e+02 -6.69772703251921826e+02 -4.83506641734727623e+02 -5.10387475935399834e+02 -5.23486885922624651e+02 -4.52090633325460715e+02 -4.70495771380702877e+02 -4.85042742357793827e+02 -4.31585314362246891e+02 -4.48952183132732671e+02 -4.64276006305695262e+02 -6.51228229015295710e+02 -2.90807092337734218e+02 -3.22055192133517096e+02 -3.28003851284623238e+02 -3.64044656657446922e+02 -3.69050429257551400e+02 -3.98197334044136028e+02 -4.00118778232543605e+02
custom
2.00000000000000011e-01 3.00000000000000000e+00
2.00000000000000011e-01 3.00000000000000000e+00
TASMANIAN SG end
