TASMANIAN SG 4.0
WARNING: do not edit this manually
localpolynomial
2 1 1 5
localp
1 2 145 0 0 0 1 0 2 0 3 0 4 0 5 0 6 0 7 0 8 0 9 0 10 0 11 0 12 0 13 0 14 0 15 0 16 0 17 0 18 0 19 0 20 0 21 0 22 0 23 0 24 0 25 0 26 0 27 0 28 0 29 0 30 0 31 0 32 1 0 1 1 1 2 1 3 1 4 1 5 1 6 1 7 1 8 1 9 1 10 1 11 1 12 1 13 1 14 1 15 1 16 2 0 2 1 2 2 2 3 2 4 2 5 2 6 2 7 2 8 2 9 2 10 2 11 2 12 2 13 2 14 2 15 2 16 3 0 3 1 3 2 3 3 3 4 3 5 3 6 3 7 3 8 4 0 4 1 4 2 4 3 4 4 4 5 4 6 4 7 4 8 5 0 5 1 5 2 5 3 5 4 6 0 6 1 6 2 6 3 6 4 7 0 7 1 7 2 7 3 7 4 8 0 8 1 8 2 8 3 8 4 9 0 9 1 9 2 10 0 10 1 10 2 11 0 11 1 11 2 12 0 12 1 12 2 13 0 13 1 13 2 14 0 14 1 14 2 15 0 15 1 15 2 16 0 16 1 16 2 17 0 18 0 19 0 20 0 21 0 22 0 23 0 24 0 25 0 26 0 27 0 28 0 29 0 30 0 31 0 32 0
1  -5.15259552037706499e+02 -4.00915659992074325e+00 -8.49386441020396887e+00 -4.66672901978074606e+00 2.84102341957918725e-01 -1.05570464594325131e+00 -1.40942007015792115e+00 1.91872744754300584e+00 -4.61524201819656810e-01 -1.75259884142383271e+00 -1.84454694601788560e+00 -3.15744866284262571e-01 -3.42375075742893387e-01 1.39973770658434660e+00 8.20526012745403932e-02 -2.11350518585732061e-01 -9.95453368958578722e-02 -7.12884805496344143e+00 -7.39535011183352253e+00 -4.64516366317661777e+00 -3.23201111007085728e+00 -1.23226518986507472e+00 -9.62032489233592969e-01 -2.08380877013155441e-01 -2.80086347691053561e-01 5.44055565853682310e-01 1.68863242553698001e-01 1.30794489504069134e-02 -1.69514691305039378e-02 -9.72405969948795246e-02 3.68316654657974141e-03 6.40907636568499584e-03 -5.91053974072792698e-02 -1.66189404050204075e+02 1.02681204496997225e+01 7.20141580236145273e+00 1.43653426777206050e+00 4.68194443134620997e-01 -7.83279855397324809e-01 -3.01985103854690351e-01 -7.69582927271244444e-01 3.45893551170547653e-01 -1.18639308701466462e+00 -7.21420873014608333e-01 -3.56347597759508972e-01 -5.58386926075854717e-01 -6.21771032862511674e-01 -1.25752394576693405e-01 1.68161784095104849e-01 -5.72967718585459806e-03 -1.07019775299625053e+01 5.86423714759314407e+00 -1.87201051301133248e+00 -3.14619946984322496e+00 -2.07554955423694310e+00 -3.23278463193406651e+00 -2.76947729740686555e+00 -4.51391217310515458e-01 -8.26619308172155343e-01 -9.02712185823071422e+00 -6.84175395328634295e+00 -4.01866204722909970e+00 -3.02888202469091539e+00 -4.34616109092075931e-01 -9.31073385784770835e-01 -1.90264936509265681e-03 -4.07419018711436820e-01 3.87808495295297462e+01 -5.26918849796629729e-01 -1.24224015982838409e+00 -8.70649209838063598e-02 9.18440021131345929e-02 -1.98569937701306287e+00 -1.55182229252473292e+00 -9.04629650926580098e-01 -4.24004871920232063e-01 -9.81908356155940965e-01 1.14702495156666373e+00 -1.22892320702544566e+00 -6.21873643434838641e-01 -5.48454259066630812e-01 -5.63255951917399500e+00 -4.01252943747537927e+00 -2.33646278997331081e+00 -1.35375286351678881e+00 -2.10985660450569412e+01 1.12380922373324665e+00 1.06900867846024994e+00 -6.94166461448858740e-01 -4.45394093754487130e-01 1.24287368841972352e+01 -2.15226449151026600e+00 -2.60356098752657772e+00 -4.76486148908288953e+00 -2.84434067766969179e+00 -1.03956606575229671e+00 5.09831329600274330e-01 1.67132196268198641e-01 -3.42296267805001264e+00 -2.23057870668925773e+00 -5.65897767465230572e-01 1.18553589738553455e+00 -8.23866104140051903e-02 -2.28408559828123714e+00 -1.49642692356904661e+00 -1.62278038943068168e+01 -1.33912968122285747e+00 -3.41246954400162394e-01 5.12053884038613205e+01 -1.39799059553893130e+01 -1.10389427568295559e+01 1.12330862073139315e+01 -6.67358082914537931e+00 -5.27779237422893743e+00 8.09424749093864193e-01 -4.43488457947964321e+00 -3.56557354641981306e+00 -2.67208864231463394e+00 -1.20485191618297449e+00 -3.92087887153024894e-01 -1.76972482740541182e+00 -8.07666237540161092e-01 -8.71125154048854711e-01 -3.67950234041359181e-01 1.37123025427115408e-01 6.80579268876613241e-02 2.35635622558334035e-01 1.15434062755127798e-01 -2.62727881894136317e-01 -5.29629428863177054e+00 2.28764000396732854e+02 1.20316365398624328e+02 7.72204411380627675e+01 3.14613298377021806e+01 2.16413290283475135e+01 2.63753812890524841e+00 4.00316889639583451e+00 -2.02932472657266771e+00 1.69309926683354206e-02 -1.54781768116322382e-01 2.82626280572230826e-01 4.01021356024898523e-01 -7.08174634805800451e-01 -7.40903978069354707e-01 8.43245919029072866e-01
0
0
1 0
0 4 5 6 8 10 12 14 16 18 20 22 24 26 28 30 32 34 34 34 34 34 34 34 34 34 34 34 34 34 34 34 34 34 37 38 39 41 43 45 47 49 51 51 51 51 51 51 51 51 51 54 55 56 58 60 62 64 66 68 68 68 68 68 68 68 68 68 72 73 74 76 78 78 78 78 78 82 83 84 86 88 88 88 88 88 92 93 94 94 94 98 99 100 100 100 104 105 106 106 106 110 111 112 112 112 116 116 116 120 120 120 124 124 124 128 128 128 132 132 132 136 136 136 140 140 140 144 144 144 144 144 144 144 144 144 144 144 144 144 144 144 144 144 144 144
33 50 1 2 3 4 5 6 7 8 9 10 11 12 13 14 15 16 17 18 19 20 21 22 23 24 25 26 27 28 29 30 31 32 67 34 35 36 37 38 39 40 41 42 43 44 45 46 47 48 49 76 51 52 53 54 55 56 57 58 59 60 61 62 63 64 65 66 85 90 68 69 70 71 72 73 74 75 95 100 77 78 79 80 81 82 83 84 105 108 86 87 88 89 111 114 91 92 93 94 117 120 96 97 98 99 123 126 101 102 103 104 129 130 106 107 131 132 109 110 133 134 112 113 135 136 115 116 137 138 118 119 139 140 121 122 141 142 124 125 143 144 127 128
1 145 1 -5.15259552037706499e+02 -5.19268708637627242e+02 -5.23753416447910467e+02 -5.21930859357447616e+02 -5.19222381900850564e+02 -5.21655488643480567e+02 -5.20004625767735092e+02 -5.15322239521735582e+02 -5.21949423376200116e+02 -5.22214697481977737e+02 -5.23637720946482091e+02 -5.21283487428875560e+02 -5.17974463978463632e+02 -5.13891158073136694e+02 -5.17190258110018476e+02 -5.20797253157111072e+02 -5.22950965248951206e+02 -5.27870551114766045e+02 -5.29330443174562788e+02 -5.27291768458158003e+02 -5.26016301262035654e+02 -5.22839438583026549e+02 -5.21606089087538862e+02 -5.19197925750112518e+02 -5.16897094355776176e+02 -5.14031299489567914e+02 -5.14437835554882440e+02 -5.16243169366926622e+02 -5.18223271474565081e+02 -5.20107058125975755e+02 -5.21369655100109071e+02 -5.22443785236209919e+02 -5.23411296245838116e+02 -6.81448956087910574e+02 -6.75189992238131595e+02 -6.82741404695753090e+02 -6.81549668915029770e+02 -6.81342883606739292e+02 -6.80208815077921258e+02 -6.83210717675482783e+02 -6.80246775327053228e+02 -6.82157774801895357e+02 -6.80638395586464867e+02 -6.83445209815508065e+02 -6.83052285759300048e+02 -6.83230598883515427e+02 -6.80069899033760066e+02 -6.80838529260198356e+02 -6.81793517938807895e+02 -6.82554864762905936e+02 -5.25961529567669004e+02 -5.24106449019996603e+02 -5.36327404490884305e+02 -5.32846917783456774e+02 -5.32935914241555679e+02 -5.32765172679603893e+02 -5.33583121043127676e+02 -5.27981385674379908e+02 -5.35919802876211747e+02 -5.39215531549454795e+02 -5.41492346130834676e+02 -5.37549426326805587e+02 -5.33143582405832149e+02 -5.26006336023532185e+02 -5.31307670742477967e+02 -5.34641111726834538e+02 -5.36630568039155378e+02 -5.59573404533278790e+02 -5.58975419758146245e+02 -5.65708801202130417e+02 -5.63309938952591096e+02 -5.62031059302066296e+02 -5.64575723306023633e+02 -5.64553906657544871e+02 -5.60172925584691825e+02 -5.64582512550252886e+02 -5.21592449158843692e+02 -5.21522462233401257e+02 -5.32251242032578716e+02 -5.28419158094259615e+02 -5.28223972289938388e+02 -5.33275466644914673e+02 -5.31812491782888401e+02 -5.25551641675476617e+02 -5.32466193880681203e+02 -6.41609746355651623e+02 -6.37057462819462671e+02 -6.44254660315538331e+02 -6.43660631828449596e+02 -6.42696427253983984e+02 -5.24987741401295466e+02 -5.28845591805199774e+02 -5.34905932928349898e+02 -5.36032656005660101e+02 -5.32344104888694233e+02 -5.19465566664027392e+02 -5.20925320171666272e+02 -5.28874763109728747e+02 -5.29382621804855830e+02 -5.26909755769701974e+02 -5.24342887130721579e+02 -5.22194817496778569e+02 -5.34937607639610746e+02 -5.32890253355911909e+02 -5.32683461261988327e+02 -6.77757155116087915e+02 -6.73690661104326864e+02 -6.80067083354352690e+02 -5.49386187040603886e+02 -5.60790958840332451e+02 -5.64815285111802723e+02 -5.31047486759973253e+02 -5.39351000403504486e+02 -5.44352073232155135e+02 -5.19314221970407061e+02 -5.27682610051799315e+02 -5.32085823485456103e+02 -5.20034647993181579e+02 -5.23973954963144251e+02 -5.29378266308287266e+02 -5.22298732738840954e+02 -5.23801282267479223e+02 -5.33203852552608168e+02 -5.23335618378823938e+02 -5.22089467073704100e+02 -5.33894317143248372e+02 -5.24916572726637014e+02 -5.22799563573074238e+02 -5.35659598324583385e+02 -6.84899349890631015e+02 -4.30919450339136915e+02 -4.75181601299503427e+02 -4.77259354648878571e+02 -5.13849115808923671e+02 -5.06376285052286732e+02 -5.19513443556946072e+02 -5.13283718107660889e+02 -5.19676424742016707e+02 -5.19733176335936150e+02 -5.21036931469550382e+02 -5.21662964668269979e+02 -5.22063012412809030e+02 -5.24547427389578502e+02 -5.25370633906748708e+02 -5.24595805228123936e+02
custom
2.00000000000000011e-01 3.00000000000000000e+00
2.00000000000000011e-01 3.00000000000000000e+00
TASMANIAN SG end
