TASMANIAN SG 4.0
WARNING: do not edit this manually
localpolynomial
2 1 1 3
localp
1 2 29 0 0 0 1 0 2 0 3 0 4 0 5 0 6 0 7 0 8 1 0 1 1 1 2 1 3 1 4 2 0 2 1 2 2 2 3 2 4 3 0 3 1 3 2 4 0 4 1 4 2 5 0 6 0 7 0 8 0
1  -2.60172251266620833e+02 2.72896620593252237e+00 -1.91341221704552709e+01 -8.50759949335724741e-01 -2.88612361401834505e+00 -8.14384250377771082e+01 -6.76937757443475903e+01 -5.24654453101273930e+01 -4.02116291535625123e+01 -1.11062719319929784e+01 1.01850288083151668e+01 -1.77621105407155255e+00 -7.58950062542121771e+01 -6.21276601561324071e+01 -6.41835593059482790e+00 -1.77621104565344012e+00 -1.34562891296194493e+01 -6.99046999558845528e+01 -5.66990698294955564e+01 -7.76837901811478559e+00 -7.58950062542495516e+01 -6.99046999508958038e+01 -2.44711193509920122e+00 -6.21276601610308887e+01 -5.66990698294894457e+01 -8.14384250377559056e+01 2.21657877715608720e+00 -3.11671920202513775e-01 -1.01016946285585618e+00
0
0
1 0
0 4 5 6 8 10 10 10 10 10 13 14 15 15 15 18 19 20 20 20 24 24 24 28 28 28 28 28 28 28
9 14 1 2 3 4 5 6 7 8 19 10 11 12 13 22 15 16 17 18 25 26 20 21 27 28 23 24
1 29 1 -2.60172251266620833e+02 -2.57443285060688311e+02 -2.79306373437076104e+02 -2.59658528112990325e+02 -2.72625435965866814e+02 -3.39989331624616398e+02 -3.27609165434153169e+02 -3.18864288926371216e+02 -3.16177533855033971e+02 -2.71278523198613811e+02 -2.58364528184366122e+02 -2.92188856423140635e+02 -3.41567291895037897e+02 -3.46747473581027975e+02 -2.66590607197215661e+02 -2.65637852036936579e+02 -2.99181018497290381e+02 -3.36869689522296426e+02 -3.42471006290766923e+02 -2.73493766250732108e+02 -3.41567291894891582e+02 -3.63420693899118930e+02 -2.65828541167017477e+02 -3.26115340644942535e+02 -3.48389877731771890e+02 -3.53824569762428837e+02 -2.64616429981520412e+02 -2.63312068137021640e+02 -2.67219743644972425e+02
custom
2.00000000000000011e-01 3.00000000000000000e+00
2.00000000000000011e-01 3.00000000000000000e+00
TASMANIAN SG end
