TASMANIAN SG 4.0
WARNING: do not edit this manually
localpolynomial
2 1 1 3
localp
1 2 29 0 0 0 1 0 2 0 3 0 4 0 5 0 6 0 7 0 8 1 0 1 1 1 2 1 3 1 4 2 0 2 1 2 2 2 3 2 4 3 0 3 1 3 2 4 0 4 1 4 2 5 0 6 0 7 0 8 0
1  -4.20595351828570756e+02 3.67940568556781500e+00 -1.59008709508647712e+01 -1.84044809050874392e+00 -2.89248440023732201e+00 -4.84641700711300700e+01 -3.31459317364291337e+01 -1.90237953829197295e+01 -1.12647982775789615e+01 -1.15342729958144332e+01 1.22631760408960417e+01 -1.19630944157557906e+00 -4.23015147265217024e+01 -2.80277927671783402e+01 -7.11200552906711891e+00 -1.19630943723001337e+00 -1.12810595244523597e+01 -3.54299029872449580e+01 -2.28092575314043131e+01 -9.44728743108953495e+00 -4.23015147265425924e+01 -3.54299029845838902e+01 -1.93545693047826717e+00 -2.80277927696170650e+01 -2.28092575313231123e+01 -4.84641700711172803e+01 2.62774959216670823e+00 4.40610643240859190e-01 -6.56671167485910701e-01
0
0
1 0
0 4 5 6 8 10 10 10 10 10 13 14 15 15 15 18 19 20 20 20 24 24 24 28 28 28 28 28 28 28
9 14 1 2 3 4 5 6 7 8 19 10 11 12 13 22 15 16 17 18 25 26 20 21 27 28 23 24
1 29 1 -4.20595351828570756e+02 -4.16915946143002941e+02 -4.36496222779435527e+02 -4.20596097076295621e+02 -4.31438271704240492e+02 -4.67220191680779351e+02 -4.53741656188862294e+02 -4.45040607149325353e+02 -4.45232045519416943e+02 -4.32129624824385189e+02 -4.16187043097921332e+02 -4.49226805216825539e+02 -4.68300296778183736e+02 -4.71598492188021055e+02 -4.27707357357637875e+02 -4.25224261109300073e+02 -4.54889287832955006e+02 -4.63736160311222648e+02 -4.67000064526938104e+02 -4.35809775757567479e+02 -4.68300296778094264e+02 -4.87738704413803930e+02 -4.26086811523582583e+02 -4.51033353326246811e+02 -4.70437469767996674e+02 -4.82433870362093614e+02 -4.25574814200902438e+02 -4.22900471032835810e+02 -4.27553755608096139e+02
custom
2.00000000000000011e-01 3.00000000000000000e+00
2.00000000000000011e-01 3.00000000000000000e+00
TASMANIAN SG end
